The minimum dominating set of a 2 x 2 x 2 grid graph is: 
[(1, 2, 2), (2, 1, 1)]
The domination number is: 2
The minimum dominating set of a 2 x 2 x 3 grid graph is: 
[(1, 2, 2), (2, 1, 1), (2, 1, 3)]
The domination number is: 3
The minimum dominating set of a 2 x 2 x 4 grid graph is: 
[(1, 1, 4), (1, 2, 1), (2, 1, 2), (2, 2, 3)]
The domination number is: 4

The minimum dominating set of a 2 x 3 x 25 grid graph is: 
[(1, 1, 2), (1, 1, 4), (1, 1, 9), (1, 1, 12), (1, 1, 17), (1, 1, 20), (1, 2, 7), (1, 2, 15), (1, 2, 23), (1, 2, 25), (1, 3, 2), (1, 3, 5), (1, 3, 10), (1, 3, 13), (1, 3, 18), (1, 3, 21), (2, 1, 6), (2, 1, 9), (2, 1, 14), (2, 1, 17), (2, 1, 22), (2, 1, 24), (2, 2, 1), (2, 2, 3), (2, 2, 11), (2, 2, 19), (2, 3, 5), (2, 3, 8), (2, 3, 13), (2, 3, 16), (2, 3, 21), (2, 3, 24)]
The domination number is: 32

The minimum dominating set of a 5 x 5 x 7 grid graph is: 
[(1, 1, 2), (1, 1, 7), (1, 2, 2), (1, 2, 5), (1, 4, 3), (1, 4, 6), (1, 5, 1), (1, 5, 6), (2, 1, 4), (2, 3, 1), (2, 3, 4), (2, 3, 7), (2, 5, 4), (3, 1, 1), (3, 1, 6), (3, 2, 3), (3, 2, 6), (3, 4, 2), (3, 4, 5), (3, 5, 2), (3, 5, 7), (4, 1, 4), (4, 3, 1), (4, 3, 4), (4, 3, 7), (4, 5, 4), (5, 1, 2), (5, 1, 7), (5, 2, 2), (5, 2, 5), (5, 4, 3), (5, 4, 6), (5, 5, 1), (5, 5, 6)]
The domination number is: 34

The minimum dominating set of a 2 x 3 x 13 grid graph is: 
[(1, 1, 5), (1, 1, 8), (1, 2, 1), (1, 2, 3), (1, 2, 11), (1, 2, 13), (1, 3, 6), (1, 3, 9), (2, 1, 2), (2, 1, 5), (2, 1, 10), (2, 1, 12), (2, 2, 7), (2, 3, 2), (2, 3, 4), (2, 3, 9), (2, 3, 12)]
The domination number is: 17

The minimum dominating set of a 2 x 3 x 14 grid graph is: 
[(1, 1, 6), (1, 1, 9), (1, 1, 14), (1, 2, 1), (1, 2, 3), (1, 2, 11), (1, 2, 12), (1, 3, 5), (1, 3, 8), (2, 1, 2), (2, 1, 4), (2, 1, 9), (2, 1, 12), (2, 2, 7), (2, 3, 2), (2, 3, 5), (2, 3, 10), (2, 3, 13), (2, 3, 14)]
The domination number is: 19

The minimum dominating set of a 2 x 3 x 15 grid graph is: 
[(1, 1, 5), (1, 1, 8), (1, 1, 11), (1, 2, 1), (1, 2, 3), (1, 2, 13), (1, 2, 15), (1, 3, 6), (1, 3, 8), (1, 3, 11), (2, 1, 2), (2, 1, 5), (2, 1, 14), (2, 2, 7), (2, 2, 9), (2, 2, 10), (2, 2, 12), (2, 3, 2), (2, 3, 4), (2, 3, 14)]
The domination number is: 20

The minimum dominating set of a 2 x 3 x 25 grid graph is: 
[(1, 1, 2), (1, 1, 4), (1, 1, 9), (1, 1, 12), (1, 1, 17), (1, 1, 20), (1, 2, 7), (1, 2, 15), (1, 2, 23), (1, 2, 25), (1, 3, 2), (1, 3, 5), (1, 3, 10), (1, 3, 13), (1, 3, 18), (1, 3, 21), (2, 1, 6), (2, 1, 9), (2, 1, 14), (2, 1, 17), (2, 1, 22), (2, 1, 24), (2, 2, 1), (2, 2, 3), (2, 2, 11), (2, 2, 19), (2, 3, 5), (2, 3, 8), (2, 3, 13), (2, 3, 16), (2, 3, 21), (2, 3, 24)]
The domination number is: 32

The minimum dominating set of a 2 x 3 x 23 grid graph is: 
[(1, 1, 5), (1, 1, 8), (1, 1, 16), (1, 1, 19), (1, 2, 1), (1, 2, 3), (1, 2, 11), (1, 2, 13), (1, 2, 21), (1, 2, 23), (1, 3, 6), (1, 3, 9), (1, 3, 15), (1, 3, 18), (2, 1, 2), (2, 1, 5), (2, 1, 10), (2, 1, 12), (2, 1, 14), (2, 1, 19), (2, 1, 22), (2, 2, 7), (2, 2, 17), (2, 3, 2), (2, 3, 4), (2, 3, 9), (2, 3, 12), (2, 3, 15), (2, 3, 20), (2, 3, 22)]
The domination number is: 30

The minimum dominating set of a 2 x 3 x 29 grid graph is: 
[(1, 1, 2), (1, 1, 5), (1, 1, 10), (1, 1, 13), (1, 1, 18), (1, 1, 21), (1, 1, 26), (1, 1, 28), (1, 2, 7), (1, 2, 15), (1, 2, 23), (1, 3, 2), (1, 3, 4), (1, 3, 9), (1, 3, 12), (1, 3, 17), (1, 3, 20), (1, 3, 25), (1, 3, 28), (2, 1, 5), (2, 1, 8), (2, 1, 13), (2, 1, 16), (2, 1, 21), (2, 1, 24), (2, 2, 1), (2, 2, 3), (2, 2, 11), (2, 2, 19), (2, 2, 27), (2, 2, 29), (2, 3, 6), (2, 3, 9), (2, 3, 14), (2, 3, 17), (2, 3, 22), (2, 3, 25)]
The domination number is: 37

The minimum dominating set of a 2 x 3 x 24 grid graph is: 
[(1, 1, 2), (1, 1, 4), (1, 1, 9), (1, 1, 12), (1, 1, 17), (1, 1, 20), (1, 2, 7), (1, 2, 15), (1, 2, 23), (1, 3, 2), (1, 3, 5), (1, 3, 10), (1, 3, 13), (1, 3, 18), (1, 3, 21), (2, 1, 6), (2, 1, 9), (2, 1, 14), (2, 1, 17), (2, 1, 22), (2, 1, 24), (2, 2, 1), (2, 2, 3), (2, 2, 11), (2, 2, 19), (2, 3, 5), (2, 3, 8), (2, 3, 13), (2, 3, 16), (2, 3, 21), (2, 3, 24)]
The domination number is: 31

