The minimum dominating set of a 1 x 3 x 1 grid graph is: 
[(2, 1, 1), (2, 2, 1), (2, 3, 1)]
The domination number is: 3

Supposed to say 3x3x1 that last one 

The minimum dominating set of a 3 x 3 x 2 grid graph is: 
[(1, 2, 1), (2, 1, 2), (2, 3, 2), (3, 2, 1)]
The domination number is: 4

The minimum dominating set of a 3 x 3 x 3 grid graph is: 
[(1, 2, 1), (1, 2, 3), (2, 1, 2), (2, 3, 2), (3, 2, 1), (3, 2, 3)]
The domination number is: 6

The minimum dominating set of a 3 x 3 x 4 grid graph is: 
[(1, 2, 1), (1, 2, 3), (2, 1, 2), (2, 3, 2), (3, 2, 1), (3, 2, 3), (1, 1, 5), (1, 2, 5), (1, 3, 5), (2, 1, 5), (2, 2, 5), (2, 3, 5), (3, 1, 5), (3, 2, 5), (3, 3, 5)]
The domination number is: 15

Ignore that last one.  This one's right (hopefully).

The minimum dominating set of a 3 x 3 x 4 grid graph is: 
[(1, 2, 1), (1, 2, 3), (2, 1, 2), (2, 3, 2), (3, 2, 1), (3, 2, 3), (1, 1, 5), (1, 2, 5), (1, 3, 5), (2, 1, 5), (2, 2, 5), (2, 3, 5), (3, 1, 5), (3, 2, 5), (3, 3, 5)]
The domination number is: 15

Ignore that last one.  This one's right (hopefully).

The minimum dominating set of a 3 x 3 x 4 grid graph is: 
[(1, 1, 2), (1, 2, 4), (1, 3, 1), (2, 1, 2), (2, 3, 3), (3, 1, 4), (3, 2, 1), (3, 3, 3)]
The domination number is: 8

There we go finally.  On to 3x3x5The minimum dominating set of a 3 x 3 x 5 grid graph is: 
[(1, 2, 1), (1, 2, 3), (1, 2, 4), (2, 1, 2), (2, 1, 5), (2, 3, 2), (2, 3, 5), (3, 2, 1), (3, 2, 3), (3, 2, 4)]
The domination number is: 10

The minimum dominating set of a 3 x 3 x 6 grid graph is: 
[(1, 1, 3), (1, 2, 3), (1, 2, 5), (1, 3, 1), (2, 1, 1), (2, 1, 6), (2, 3, 4), (2, 3, 6), (3, 1, 4), (3, 2, 2), (3, 2, 5), (3, 3, 2)]
The domination number is: 12

The minimum dominating set of a 3 x 3 x 7 grid graph is: 
[(1, 2, 2), (1, 2, 3), (1, 2, 5), (1, 2, 6), (2, 1, 1), (2, 1, 4), (2, 1, 7), (2, 3, 1), (2, 3, 4), (2, 3, 7), (3, 2, 2), (3, 2, 3), (3, 2, 5), (3, 2, 6)]
The domination number is: 14

The minimum dominating set of a 3 x 3 x 8 grid graph is: 
[(1, 1, 3), (1, 2, 2), (1, 2, 5), (1, 2, 8), (2, 1, 1), (2, 1, 6), (2, 1, 7), (2, 3, 1), (2, 3, 3), (2, 3, 4), (2, 3, 6), (2, 3, 7), (3, 1, 4), (3, 2, 2), (3, 2, 5), (3, 2, 8)]
The domination number is: 16

The minimum dominating set of a 3 x 3 x 9 grid graph is: 
[(1, 2, 1), (1, 2, 3), (1, 2, 6), (1, 2, 9), (1, 3, 4), (2, 1, 2), (2, 1, 4), (2, 1, 5), (2, 1, 7), (2, 1, 8), (2, 3, 2), (2, 3, 7), (2, 3, 8), (3, 2, 1), (3, 2, 3), (3, 2, 6), (3, 2, 9), (3, 3, 5)]
The domination number is: 18

The minimum dominating set of a 3 x 3 x 10 grid graph is: 
[(1, 2, 1), (1, 2, 4), (1, 2, 7), (1, 2, 10), (1, 3, 4), (2, 1, 2), (2, 1, 3), (2, 1, 5), (2, 1, 6), (2, 1, 8), (2, 1, 9), (2, 3, 2), (2, 3, 6), (2, 3, 8), (2, 3, 9), (3, 2, 1), (3, 2, 4), (3, 2, 7), (3, 2, 10), (3, 3, 4)]
The domination number is: 20

The minimum dominating set of a 3 x 3 x 11 grid graph is: 
[(1, 1, 1), (1, 1, 4), (1, 1, 7), (1, 1, 10), (1, 2, 1), (1, 3, 2), (1, 3, 5), (1, 3, 8), (1, 3, 11), (2, 1, 11), (2, 2, 3), (2, 2, 6), (2, 2, 9), (3, 1, 2), (3, 1, 5), (3, 1, 8), (3, 1, 11), (3, 3, 1), (3, 3, 4), (3, 3, 7), (3, 3, 10)]
The domination number is: 21

The minimum dominating set of a 3 x 3 x 12 grid graph is: 
[(1, 1, 2), (1, 1, 5), (1, 1, 8), (1, 1, 11), (1, 2, 1), (1, 3, 3), (1, 3, 6), (1, 3, 9), (1, 3, 12), (2, 1, 11), (2, 2, 4), (2, 2, 7), (2, 2, 10), (2, 3, 2), (3, 1, 1), (3, 1, 3), (3, 1, 6), (3, 1, 9), (3, 2, 12), (3, 3, 2), (3, 3, 5), (3, 3, 8), (3, 3, 11)]
The domination number is: 23

The minimum dominating set of a 3 x 3 x 13 grid graph is: 
[(1, 1, 2), (1, 1, 3), (1, 1, 6), (1, 1, 9), (1, 1, 12), (1, 3, 2), (1, 3, 5), (1, 3, 8), (1, 3, 11), (2, 1, 10), (2, 2, 1), (2, 2, 4), (2, 2, 7), (2, 2, 10), (2, 2, 13), (2, 3, 1), (2, 3, 13), (3, 1, 2), (3, 1, 5), (3, 1, 8), (3, 1, 12), (3, 3, 3), (3, 3, 6), (3, 3, 9), (3, 3, 11)]
The domination number is: 25

The minimum dominating set of a 3 x 3 x 14 grid graph is: 
[(1, 1, 1), (1, 1, 4), (1, 1, 7), (1, 1, 10), (1, 1, 13), (1, 2, 14), (1, 3, 2), (1, 3, 5), (1, 3, 8), (1, 3, 11), (1, 3, 14), (2, 1, 1), (2, 2, 3), (2, 2, 6), (2, 2, 9), (2, 2, 12), (3, 1, 2), (3, 1, 5), (3, 1, 8), (3, 1, 11), (3, 1, 14), (3, 3, 1), (3, 3, 4), (3, 3, 7), (3, 3, 10), (3, 3, 13)]
The domination number is: 26

The minimum dominating set of a 3 x 3 x 15 grid graph is: 
[(1, 1, 1), (1, 1, 4), (1, 1, 7), (1, 1, 10), (1, 1, 13), (1, 2, 15), (1, 3, 2), (1, 3, 5), (1, 3, 8), (1, 3, 11), (1, 3, 13), (2, 1, 1), (2, 2, 3), (2, 2, 6), (2, 2, 9), (2, 2, 12), (2, 2, 15), (2, 3, 15), (3, 1, 2), (3, 1, 5), (3, 1, 8), (3, 1, 11), (3, 1, 14), (3, 3, 1), (3, 3, 4), (3, 3, 7), (3, 3, 10), (3, 3, 13)]
The domination number is: 28

The minimum dominating set of a 3 x 3 x 16 grid graph is: 
[(1, 1, 1), (1, 1, 4), (1, 1, 7), (1, 1, 10), (1, 1, 13), (1, 2, 15), (1, 3, 2), (1, 3, 5), (1, 3, 8), (1, 3, 11), (1, 3, 13), (2, 1, 1), (2, 2, 3), (2, 2, 6), (2, 2, 9), (2, 2, 12), (2, 2, 15), (2, 3, 15), (3, 1, 2), (3, 1, 5), (3, 1, 8), (3, 1, 11), (3, 1, 14), (3, 3, 1), (3, 3, 4), (3, 3, 7), (3, 3, 10), (3, 3, 13), (1, 1, 17), (1, 2, 17), (1, 3, 17), (2, 1, 17), (2, 2, 17), (2, 3, 17), (3, 1, 17), (3, 2, 17), (3, 3, 17)]
The domination number is: 37

Made a mistake again.  This one should be right.

The minimum dominating set of a 3 x 3 x 16 grid graph is: 
[(1, 1, 1), (1, 1, 7), (1, 1, 10), (1, 1, 13), (1, 1, 16), (1, 2, 4), (1, 2, 5), (1, 2, 16), (1, 3, 2), (1, 3, 6), (1, 3, 9), (1, 3, 12), (1, 3, 15), (2, 1, 3), (2, 2, 5), (2, 2, 8), (2, 2, 11), (2, 2, 14), (2, 3, 2), (3, 1, 3), (3, 1, 6), (3, 1, 9), (3, 1, 12), (3, 1, 15), (3, 2, 1), (3, 3, 4), (3, 3, 7), (3, 3, 10), (3, 3, 13), (3, 3, 16)]
The domination number is: 30

Made a mistake again.  This one should be right.

The minimum dominating set of a 3 x 3 x 17 grid graph is: 
[(1, 1, 1), (1, 1, 7), (1, 1, 10), (1, 1, 13), (1, 1, 16), (1, 2, 4), (1, 2, 5), (1, 2, 16), (1, 3, 2), (1, 3, 6), (1, 3, 9), (1, 3, 12), (1, 3, 15), (2, 1, 3), (2, 2, 5), (2, 2, 8), (2, 2, 11), (2, 2, 14), (2, 3, 2), (3, 1, 3), (3, 1, 6), (3, 1, 9), (3, 1, 12), (3, 1, 15), (3, 2, 1), (3, 3, 4), (3, 3, 7), (3, 3, 10), (3, 3, 13), (3, 3, 16), (1, 1, 18), (1, 2, 18), (1, 3, 18), (2, 1, 18), (2, 2, 18), (2, 3, 18), (3, 1, 18), (3, 2, 18), (3, 3, 18)]
The domination number is: 39

Made a mistake again (last one was right, for real this time).  This one should be right.

The minimum dominating set of a 3 x 3 x 17 grid graph is: 
[(1, 1, 4), (1, 1, 7), (1, 1, 10), (1, 1, 13), (1, 1, 16), (1, 2, 1), (1, 2, 17), (1, 3, 2), (1, 3, 5), (1, 3, 8), (1, 3, 11), (1, 3, 14), (2, 1, 2), (2, 2, 3), (2, 2, 6), (2, 2, 9), (2, 2, 12), (2, 2, 15), (2, 3, 16), (3, 1, 2), (3, 1, 5), (3, 1, 8), (3, 1, 11), (3, 1, 14), (3, 1, 17), (3, 3, 1), (3, 3, 4), (3, 3, 7), (3, 3, 10), (3, 3, 13), (3, 3, 16)]
The domination number is: 31

The minimum dominating set of a 3 x 3 x 18 grid graph is: 
[(1, 1, 2), (1, 1, 5), (1, 1, 8), (1, 1, 11), (1, 1, 14), (1, 1, 16), (1, 3, 1), (1, 3, 4), (1, 3, 7), (1, 3, 10), (1, 3, 13), (1, 3, 17), (2, 1, 1), (2, 1, 18), (2, 2, 3), (2, 2, 6), (2, 2, 9), (2, 2, 12), (2, 2, 15), (2, 2, 18), (2, 3, 15), (3, 1, 1), (3, 1, 4), (3, 1, 7), (3, 1, 10), (3, 1, 13), (3, 1, 16), (3, 3, 2), (3, 3, 5), (3, 3, 8), (3, 3, 11), (3, 3, 14), (3, 3, 17)]
The domination number is: 33

The minimum dominating set of a 3 x 3 x 19 grid graph is: 
[(1, 1, 3), (1, 1, 6), (1, 1, 9), (1, 1, 12), (1, 1, 15), (1, 1, 18), (1, 2, 1), (1, 2, 19), (1, 3, 4), (1, 3, 7), (1, 3, 10), (1, 3, 13), (1, 3, 16), (1, 3, 19), (2, 1, 2), (2, 2, 5), (2, 2, 8), (2, 2, 11), (2, 2, 14), (2, 2, 17), (2, 3, 2), (2, 3, 3), (3, 1, 4), (3, 1, 7), (3, 1, 10), (3, 1, 13), (3, 1, 16), (3, 1, 19), (3, 2, 1), (3, 2, 4), (3, 3, 6), (3, 3, 9), (3, 3, 12), (3, 3, 15), (3, 3, 18)]
The domination number is: 35

The minimum dominating set of a 3 x 3 x 20 grid graph is: 
[(1, 1, 3), (1, 1, 6), (1, 1, 9), (1, 1, 12), (1, 1, 15), (1, 1, 18), (1, 2, 1), (1, 2, 19), (1, 3, 4), (1, 3, 7), (1, 3, 10), (1, 3, 13), (1, 3, 16), (1, 3, 19), (2, 1, 2), (2, 2, 5), (2, 2, 8), (2, 2, 11), (2, 2, 14), (2, 2, 17), (2, 3, 2), (2, 3, 3), (3, 1, 4), (3, 1, 7), (3, 1, 10), (3, 1, 13), (3, 1, 16), (3, 1, 19), (3, 2, 1), (3, 2, 4), (3, 3, 6), (3, 3, 9), (3, 3, 12), (3, 3, 15), (3, 3, 18), (1, 1, 21), (1, 2, 21), (1, 3, 21), (2, 1, 21), (2, 2, 21), (2, 3, 21), (3, 1, 21), (3, 2, 21), (3, 3, 21)]
The domination number is: 44

Made a mistake.  This is right.The minimum dominating set of a 3 x 3 x 20 grid graph is: 
[(1, 1, 1), (1, 1, 4), (1, 1, 7), (1, 1, 10), (1, 1, 13), (1, 1, 16), (1, 1, 19), (1, 2, 1), (1, 3, 2), (1, 3, 5), (1, 3, 8), (1, 3, 11), (1, 3, 14), (1, 3, 17), (1, 3, 20), (2, 2, 3), (2, 2, 6), (2, 2, 9), (2, 2, 12), (2, 2, 15), (2, 2, 18), (2, 3, 20), (3, 1, 2), (3, 1, 5), (3, 1, 8), (3, 1, 11), (3, 1, 14), (3, 1, 17), (3, 1, 20), (3, 3, 1), (3, 3, 4), (3, 3, 7), (3, 3, 10), (3, 3, 13), (3, 3, 16), (3, 3, 19)]
The domination number is: 36

The minimum dominating set of a 3 x 3 x 21 grid graph is: 
[(1, 1, 2), (1, 1, 5), (1, 1, 8), (1, 1, 11), (1, 1, 14), (1, 1, 17), (1, 1, 20), (1, 3, 1), (1, 3, 4), (1, 3, 7), (1, 3, 10), (1, 3, 13), (1, 3, 16), (1, 3, 19), (1, 3, 21), (2, 1, 21), (2, 2, 1), (2, 2, 3), (2, 2, 6), (2, 2, 9), (2, 2, 12), (2, 2, 15), (2, 2, 18), (3, 1, 1), (3, 1, 4), (3, 1, 7), (3, 1, 10), (3, 1, 13), (3, 1, 16), (3, 1, 19), (3, 2, 20), (3, 3, 2), (3, 3, 5), (3, 3, 8), (3, 3, 11), (3, 3, 14), (3, 3, 17), (3, 3, 20)]
The domination number is: 38

The minimum dominating set of a 3 x 3 x 22 grid graph is: 
[(1, 1, 2), (1, 1, 6), (1, 1, 9), (1, 1, 12), (1, 1, 15), (1, 1, 18), (1, 1, 21), (1, 2, 2), (1, 3, 4), (1, 3, 7), (1, 3, 10), (1, 3, 13), (1, 3, 16), (1, 3, 19), (1, 3, 22), (2, 1, 4), (2, 2, 5), (2, 2, 8), (2, 2, 11), (2, 2, 14), (2, 2, 17), (2, 2, 20), (2, 3, 1), (2, 3, 22), (3, 1, 1), (3, 1, 7), (3, 1, 10), (3, 1, 13), (3, 1, 16), (3, 1, 19), (3, 1, 22), (3, 2, 3), (3, 2, 5), (3, 3, 3), (3, 3, 6), (3, 3, 9), (3, 3, 12), (3, 3, 15), (3, 3, 18), (3, 3, 21)]
The domination number is: 40

The minimum dominating set of a 3 x 3 x 23 grid graph is: 
[(1, 1, 2), (1, 1, 5), (1, 1, 8), (1, 1, 11), (1, 1, 14), (1, 1, 17), (1, 1, 20), (1, 1, 22), (1, 3, 1), (1, 3, 4), (1, 3, 7), (1, 3, 10), (1, 3, 13), (1, 3, 16), (1, 3, 19), (1, 3, 22), (2, 2, 1), (2, 2, 3), (2, 2, 6), (2, 2, 9), (2, 2, 12), (2, 2, 15), (2, 2, 18), (2, 2, 21), (2, 2, 23), (3, 1, 1), (3, 1, 4), (3, 1, 7), (3, 1, 10), (3, 1, 13), (3, 1, 16), (3, 1, 19), (3, 1, 22), (3, 3, 2), (3, 3, 5), (3, 3, 8), (3, 3, 11), (3, 3, 14), (3, 3, 17), (3, 3, 20), (3, 3, 23)]
The domination number is: 41

The minimum dominating set of a 3 x 3 x 24 grid graph is: 
[(1, 1, 2), (1, 1, 5), (1, 1, 8), (1, 1, 11), (1, 1, 14), (1, 1, 17), (1, 1, 20), (1, 1, 22), (1, 3, 1), (1, 3, 4), (1, 3, 7), (1, 3, 10), (1, 3, 13), (1, 3, 16), (1, 3, 19), (1, 3, 22), (2, 2, 1), (2, 2, 3), (2, 2, 6), (2, 2, 9), (2, 2, 12), (2, 2, 15), (2, 2, 18), (2, 2, 21), (2, 2, 23), (3, 1, 1), (3, 1, 4), (3, 1, 7), (3, 1, 10), (3, 1, 13), (3, 1, 16), (3, 1, 19), (3, 1, 22), (3, 3, 2), (3, 3, 5), (3, 3, 8), (3, 3, 11), (3, 3, 14), (3, 3, 17), (3, 3, 20), (3, 3, 23), (1, 1, 25), (1, 2, 25), (1, 3, 25), (2, 1, 25), (2, 2, 25), (2, 3, 25), (3, 1, 25), (3, 2, 25), (3, 3, 25)]
The domination number is: 50

Mistake againThe minimum dominating set of a 3 x 3 x 24 grid graph is: 
[(1, 1, 2), (1, 1, 6), (1, 1, 9), (1, 1, 12), (1, 1, 15), (1, 1, 18), (1, 1, 21), (1, 2, 24), (1, 3, 3), (1, 3, 5), (1, 3, 8), (1, 3, 11), (1, 3, 14), (1, 3, 17), (1, 3, 20), (1, 3, 23), (2, 1, 4), (2, 1, 23), (2, 2, 1), (2, 2, 4), (2, 2, 7), (2, 2, 10), (2, 2, 13), (2, 2, 16), (2, 2, 19), (2, 2, 22), (2, 3, 1), (3, 1, 2), (3, 1, 5), (3, 1, 8), (3, 1, 11), (3, 1, 14), (3, 1, 17), (3, 1, 20), (3, 1, 23), (3, 3, 3), (3, 3, 6), (3, 3, 9), (3, 3, 12), (3, 3, 15), (3, 3, 18), (3, 3, 21), (3, 3, 24)]
The domination number is: 43

Mistake againThe minimum dominating set of a 3 x 3 x 25 grid graph is: 
[(1, 1, 3), (1, 1, 6), (1, 1, 9), (1, 1, 12), (1, 1, 15), (1, 1, 18), (1, 1, 21), (1, 1, 24), (1, 2, 2), (1, 2, 25), (1, 3, 4), (1, 3, 7), (1, 3, 10), (1, 3, 13), (1, 3, 16), (1, 3, 19), (1, 3, 22), (1, 3, 25), (2, 1, 1), (2, 2, 4), (2, 2, 5), (2, 2, 8), (2, 2, 11), (2, 2, 14), (2, 2, 17), (2, 2, 20), (2, 2, 23), (2, 3, 1), (3, 1, 4), (3, 1, 7), (3, 1, 10), (3, 1, 13), (3, 1, 16), (3, 1, 19), (3, 1, 22), (3, 1, 25), (3, 2, 2), (3, 3, 3), (3, 3, 6), (3, 3, 9), (3, 3, 12), (3, 3, 15), (3, 3, 18), (3, 3, 21), (3, 3, 24)]
The domination number is: 45

Just kidding.  That last one was right.  Also I'm done.

 Ha you thought I was done.  Well you're sorely mistaken...

The minimum dominating set of a 3 x 3 x 26 grid graph is: 
[(1, 1, 2), (1, 1, 5), (1, 1, 8), (1, 1, 11), (1, 1, 14), (1, 1, 17), (1, 1, 20), (1, 1, 23), (1, 1, 26), (1, 2, 1), (1, 2, 26), (1, 3, 1), (1, 3, 4), (1, 3, 7), (1, 3, 10), (1, 3, 13), (1, 3, 16), (1, 3, 19), (1, 3, 22), (1, 3, 25), (2, 2, 3), (2, 2, 6), (2, 2, 9), (2, 2, 12), (2, 2, 15), (2, 2, 18), (2, 2, 21), (2, 2, 24), (3, 1, 1), (3, 1, 4), (3, 1, 7), (3, 1, 10), (3, 1, 13), (3, 1, 16), (3, 1, 19), (3, 1, 22), (3, 1, 25), (3, 3, 2), (3, 3, 5), (3, 3, 8), (3, 3, 11), (3, 3, 14), (3, 3, 17), (3, 3, 20), (3, 3, 23), (3, 3, 26)]
The domination number is: 46

The minimum dominating set of a 3 x 3 x 27 grid graph is: 
[(1, 1, 1), (1, 1, 4), (1, 1, 7), (1, 1, 10), (1, 1, 13), (1, 1, 16), (1, 1, 19), (1, 1, 22), (1, 1, 25), (1, 2, 1), (1, 3, 2), (1, 3, 5), (1, 3, 8), (1, 3, 11), (1, 3, 14), (1, 3, 17), (1, 3, 20), (1, 3, 23), (1, 3, 26), (2, 1, 27), (2, 2, 3), (2, 2, 6), (2, 2, 9), (2, 2, 12), (2, 2, 15), (2, 2, 18), (2, 2, 21), (2, 2, 24), (2, 2, 27), (3, 1, 2), (3, 1, 5), (3, 1, 8), (3, 1, 11), (3, 1, 14), (3, 1, 17), (3, 1, 20), (3, 1, 23), (3, 1, 25), (3, 2, 27), (3, 3, 1), (3, 3, 4), (3, 3, 7), (3, 3, 10), (3, 3, 13), (3, 3, 16), (3, 3, 19), (3, 3, 22), (3, 3, 25)]
The domination number is: 48

The minimum dominating set of a 3 x 3 x 28 grid graph is: 
[(1, 1, 2), (1, 1, 4), (1, 1, 7), (1, 1, 10), (1, 1, 13), (1, 1, 16), (1, 1, 19), (1, 1, 22), (1, 1, 25), (1, 2, 28), (1, 3, 2), (1, 3, 5), (1, 3, 8), (1, 3, 11), (1, 3, 14), (1, 3, 17), (1, 3, 20), (1, 3, 23), (1, 3, 26), (2, 1, 27), (2, 2, 1), (2, 2, 3), (2, 2, 6), (2, 2, 9), (2, 2, 12), (2, 2, 15), (2, 2, 18), (2, 2, 21), (2, 2, 24), (2, 3, 24), (2, 3, 27), (3, 1, 2), (3, 1, 5), (3, 1, 8), (3, 1, 11), (3, 1, 14), (3, 1, 17), (3, 1, 20), (3, 1, 23), (3, 2, 25), (3, 2, 26), (3, 2, 28), (3, 3, 1), (3, 3, 4), (3, 3, 7), (3, 3, 10), (3, 3, 13), (3, 3, 16), (3, 3, 19), (3, 3, 22)]
The domination number is: 50

The minimum dominating set of a 3 x 3 x 29 grid graph is: 
[(1, 1, 2), (1, 1, 4), (1, 1, 7), (1, 1, 10), (1, 1, 13), (1, 1, 16), (1, 1, 19), (1, 1, 22), (1, 1, 25), (1, 2, 28), (1, 3, 2), (1, 3, 5), (1, 3, 8), (1, 3, 11), (1, 3, 14), (1, 3, 17), (1, 3, 20), (1, 3, 23), (1, 3, 26), (2, 1, 27), (2, 2, 1), (2, 2, 3), (2, 2, 6), (2, 2, 9), (2, 2, 12), (2, 2, 15), (2, 2, 18), (2, 2, 21), (2, 2, 24), (2, 3, 24), (2, 3, 27), (3, 1, 2), (3, 1, 5), (3, 1, 8), (3, 1, 11), (3, 1, 14), (3, 1, 17), (3, 1, 20), (3, 1, 23), (3, 2, 25), (3, 2, 26), (3, 2, 28), (3, 3, 1), (3, 3, 4), (3, 3, 7), (3, 3, 10), (3, 3, 13), (3, 3, 16), (3, 3, 19), (3, 3, 22), (1, 1, 30), (1, 2, 30), (1, 3, 30), (2, 1, 30), (2, 2, 30), (2, 3, 30), (3, 1, 30), (3, 2, 30), (3, 3, 30)]
The domination number is: 59

That was wrong.  Try again now...

The minimum dominating set of a 3 x 3 x 29 grid graph is: 
[(1, 1, 2), (1, 1, 5), (1, 1, 8), (1, 1, 11), (1, 1, 14), (1, 1, 17), (1, 1, 20), (1, 1, 23), (1, 1, 26), (1, 1, 29), (1, 3, 1), (1, 3, 4), (1, 3, 7), (1, 3, 10), (1, 3, 13), (1, 3, 16), (1, 3, 19), (1, 3, 22), (1, 3, 25), (1, 3, 28), (2, 2, 2), (2, 2, 3), (2, 2, 6), (2, 2, 9), (2, 2, 12), (2, 2, 15), (2, 2, 18), (2, 2, 21), (2, 2, 24), (2, 2, 27), (2, 2, 28), (3, 1, 1), (3, 1, 4), (3, 1, 7), (3, 1, 10), (3, 1, 13), (3, 1, 16), (3, 1, 19), (3, 1, 22), (3, 1, 25), (3, 1, 28), (3, 3, 2), (3, 3, 5), (3, 3, 8), (3, 3, 11), (3, 3, 14), (3, 3, 17), (3, 3, 20), (3, 3, 23), (3, 3, 26), (3, 3, 29)]
The domination number is: 51

The minimum dominating set of a 3 x 3 x 30 grid graph is: 
[(1, 1, 2), (1, 1, 5), (1, 1, 8), (1, 1, 11), (1, 1, 14), (1, 1, 17), (1, 1, 20), (1, 1, 23), (1, 1, 26), (1, 1, 29), (1, 2, 29), (1, 3, 1), (1, 3, 4), (1, 3, 7), (1, 3, 10), (1, 3, 13), (1, 3, 16), (1, 3, 19), (1, 3, 22), (1, 3, 25), (1, 3, 28), (2, 2, 2), (2, 2, 3), (2, 2, 6), (2, 2, 9), (2, 2, 12), (2, 2, 15), (2, 2, 18), (2, 2, 21), (2, 2, 24), (2, 2, 27), (2, 3, 30), (3, 1, 1), (3, 1, 4), (3, 1, 7), (3, 1, 10), (3, 1, 13), (3, 1, 16), (3, 1, 19), (3, 1, 22), (3, 1, 25), (3, 1, 28), (3, 1, 30), (3, 3, 2), (3, 3, 5), (3, 3, 8), (3, 3, 11), (3, 3, 14), (3, 3, 17), (3, 3, 20), (3, 3, 23), (3, 3, 26), (3, 3, 29)]
The domination number is: 53

The minimum dominating set of a 3 x 3 x 31 grid graph is: 
[(1, 1, 4), (1, 1, 7), (1, 1, 10), (1, 1, 13), (1, 1, 16), (1, 1, 19), (1, 1, 22), (1, 1, 25), (1, 1, 28), (1, 1, 31), (1, 2, 2), (1, 2, 31), (1, 3, 2), (1, 3, 6), (1, 3, 9), (1, 3, 12), (1, 3, 15), (1, 3, 18), (1, 3, 21), (1, 3, 24), (1, 3, 27), (1, 3, 30), (2, 1, 1), (2, 2, 2), (2, 2, 5), (2, 2, 8), (2, 2, 11), (2, 2, 14), (2, 2, 17), (2, 2, 20), (2, 2, 23), (2, 2, 26), (2, 2, 29), (2, 3, 4), (3, 1, 3), (3, 1, 6), (3, 1, 9), (3, 1, 12), (3, 1, 15), (3, 1, 18), (3, 1, 21), (3, 1, 24), (3, 1, 27), (3, 1, 30), (3, 3, 1), (3, 3, 4), (3, 3, 7), (3, 3, 10), (3, 3, 13), (3, 3, 16), (3, 3, 19), (3, 3, 22), (3, 3, 25), (3, 3, 28), (3, 3, 31)]
The domination number is: 55

The minimum dominating set of a 3 x 3 x 32 grid graph is: 
[(1, 1, 2), (1, 1, 5), (1, 1, 8), (1, 1, 11), (1, 1, 14), (1, 1, 17), (1, 1, 20), (1, 1, 23), (1, 1, 26), (1, 1, 29), (1, 1, 32), (1, 2, 32), (1, 3, 1), (1, 3, 4), (1, 3, 7), (1, 3, 10), (1, 3, 13), (1, 3, 16), (1, 3, 19), (1, 3, 22), (1, 3, 25), (1, 3, 28), (1, 3, 31), (2, 1, 2), (2, 2, 3), (2, 2, 6), (2, 2, 9), (2, 2, 12), (2, 2, 15), (2, 2, 18), (2, 2, 21), (2, 2, 24), (2, 2, 27), (2, 2, 30), (3, 1, 4), (3, 1, 7), (3, 1, 10), (3, 1, 13), (3, 1, 16), (3, 1, 19), (3, 1, 22), (3, 1, 25), (3, 1, 28), (3, 1, 31), (3, 2, 1), (3, 3, 2), (3, 3, 5), (3, 3, 8), (3, 3, 11), (3, 3, 14), (3, 3, 17), (3, 3, 20), (3, 3, 23), (3, 3, 26), (3, 3, 29), (3, 3, 32)]
The domination number is: 56

The minimum dominating set of a 3 x 3 x 33 grid graph is: 
[(1, 1, 1), (1, 1, 4), (1, 1, 7), (1, 1, 10), (1, 1, 13), (1, 1, 16), (1, 1, 19), (1, 1, 22), (1, 1, 25), (1, 1, 28), (1, 1, 31), (1, 2, 33), (1, 3, 2), (1, 3, 5), (1, 3, 8), (1, 3, 11), (1, 3, 14), (1, 3, 17), (1, 3, 20), (1, 3, 23), (1, 3, 26), (1, 3, 29), (1, 3, 32), (2, 2, 1), (2, 2, 3), (2, 2, 6), (2, 2, 9), (2, 2, 12), (2, 2, 15), (2, 2, 18), (2, 2, 21), (2, 2, 24), (2, 2, 27), (2, 2, 30), (2, 2, 33), (3, 1, 2), (3, 1, 5), (3, 1, 8), (3, 1, 11), (3, 1, 14), (3, 1, 17), (3, 1, 20), (3, 1, 23), (3, 1, 26), (3, 1, 29), (3, 1, 32), (3, 2, 33), (3, 3, 1), (3, 3, 4), (3, 3, 7), (3, 3, 10), (3, 3, 13), (3, 3, 16), (3, 3, 19), (3, 3, 22), (3, 3, 25), (3, 3, 28), (3, 3, 31)]
The domination number is: 58

The minimum dominating set of a 3 x 3 x 34 grid graph is: 
[(1, 1, 1), (1, 1, 4), (1, 1, 7), (1, 1, 10), (1, 1, 13), (1, 1, 16), (1, 1, 19), (1, 1, 22), (1, 1, 25), (1, 1, 28), (1, 1, 31), (1, 2, 1), (1, 2, 32), (1, 2, 34), (1, 3, 2), (1, 3, 5), (1, 3, 8), (1, 3, 11), (1, 3, 14), (1, 3, 17), (1, 3, 20), (1, 3, 23), (1, 3, 26), (1, 3, 29), (1, 3, 32), (2, 1, 33), (2, 2, 3), (2, 2, 6), (2, 2, 9), (2, 2, 12), (2, 2, 15), (2, 2, 18), (2, 2, 21), (2, 2, 24), (2, 2, 27), (2, 2, 30), (2, 3, 33), (3, 1, 2), (3, 1, 5), (3, 1, 8), (3, 1, 11), (3, 1, 14), (3, 1, 17), (3, 1, 20), (3, 1, 23), (3, 1, 26), (3, 1, 29), (3, 1, 32), (3, 2, 34), (3, 3, 1), (3, 3, 4), (3, 3, 7), (3, 3, 10), (3, 3, 13), (3, 3, 16), (3, 3, 19), (3, 3, 22), (3, 3, 25), (3, 3, 28), (3, 3, 31)]
The domination number is: 60

The minimum dominating set of a 3 x 3 x 35 grid graph is: 
[(1, 1, 4), (1, 1, 7), (1, 1, 10), (1, 1, 13), (1, 1, 16), (1, 1, 19), (1, 1, 22), (1, 1, 25), (1, 1, 28), (1, 1, 31), (1, 1, 34), (1, 2, 1), (1, 3, 2), (1, 3, 5), (1, 3, 8), (1, 3, 11), (1, 3, 14), (1, 3, 17), (1, 3, 20), (1, 3, 23), (1, 3, 26), (1, 3, 29), (1, 3, 32), (1, 3, 35), (2, 1, 2), (2, 1, 35), (2, 2, 3), (2, 2, 6), (2, 2, 9), (2, 2, 12), (2, 2, 15), (2, 2, 18), (2, 2, 21), (2, 2, 24), (2, 2, 27), (2, 2, 30), (2, 2, 33), (3, 1, 2), (3, 1, 5), (3, 1, 8), (3, 1, 11), (3, 1, 14), (3, 1, 17), (3, 1, 20), (3, 1, 23), (3, 1, 26), (3, 1, 29), (3, 1, 32), (3, 1, 35), (3, 3, 1), (3, 3, 4), (3, 3, 7), (3, 3, 10), (3, 3, 13), (3, 3, 16), (3, 3, 19), (3, 3, 22), (3, 3, 25), (3, 3, 28), (3, 3, 31), (3, 3, 34)]
The domination number is: 61

The minimum dominating set of a 3 x 3 x 36 grid graph is: 
[(1, 1, 3), (1, 1, 6), (1, 1, 9), (1, 1, 12), (1, 1, 15), (1, 1, 18), (1, 1, 21), (1, 1, 24), (1, 1, 27), (1, 1, 30), (1, 1, 33), (1, 1, 36), (1, 3, 2), (1, 3, 5), (1, 3, 8), (1, 3, 11), (1, 3, 14), (1, 3, 17), (1, 3, 20), (1, 3, 23), (1, 3, 26), (1, 3, 29), (1, 3, 32), (1, 3, 35), (2, 1, 1), (2, 2, 1), (2, 2, 4), (2, 2, 7), (2, 2, 10), (2, 2, 13), (2, 2, 16), (2, 2, 19), (2, 2, 22), (2, 2, 25), (2, 2, 28), (2, 2, 31), (2, 2, 34), (2, 3, 1), (2, 3, 35), (3, 1, 2), (3, 1, 5), (3, 1, 8), (3, 1, 11), (3, 1, 14), (3, 1, 17), (3, 1, 20), (3, 1, 23), (3, 1, 26), (3, 1, 29), (3, 1, 32), (3, 1, 35), (3, 2, 36), (3, 3, 3), (3, 3, 6), (3, 3, 9), (3, 3, 12), (3, 3, 15), (3, 3, 18), (3, 3, 21), (3, 3, 24), (3, 3, 27), (3, 3, 30), (3, 3, 33)]
The domination number is: 63

The minimum dominating set of a 3 x 3 x 37 grid graph is: 
[(1, 1, 1), (1, 1, 4), (1, 1, 7), (1, 1, 10), (1, 1, 13), (1, 1, 16), (1, 1, 19), (1, 1, 22), (1, 1, 25), (1, 1, 28), (1, 1, 31), (1, 1, 34), (1, 2, 1), (1, 2, 35), (1, 2, 37), (1, 3, 2), (1, 3, 5), (1, 3, 8), (1, 3, 11), (1, 3, 14), (1, 3, 17), (1, 3, 20), (1, 3, 23), (1, 3, 26), (1, 3, 29), (1, 3, 32), (1, 3, 35), (2, 1, 36), (2, 2, 3), (2, 2, 6), (2, 2, 9), (2, 2, 12), (2, 2, 15), (2, 2, 18), (2, 2, 21), (2, 2, 24), (2, 2, 27), (2, 2, 30), (2, 2, 33), (2, 3, 36), (3, 1, 2), (3, 1, 5), (3, 1, 8), (3, 1, 11), (3, 1, 14), (3, 1, 17), (3, 1, 20), (3, 1, 23), (3, 1, 26), (3, 1, 29), (3, 1, 32), (3, 1, 35), (3, 2, 37), (3, 3, 1), (3, 3, 4), (3, 3, 7), (3, 3, 10), (3, 3, 13), (3, 3, 16), (3, 3, 19), (3, 3, 22), (3, 3, 25), (3, 3, 28), (3, 3, 31), (3, 3, 34)]
The domination number is: 65

The minimum dominating set of a 3 x 3 x 38 grid graph is: 
[(1, 1, 1), (1, 1, 4), (1, 1, 7), (1, 1, 10), (1, 1, 13), (1, 1, 16), (1, 1, 19), (1, 1, 22), (1, 1, 25), (1, 1, 28), (1, 1, 31), (1, 1, 34), (1, 1, 37), (1, 2, 1), (1, 2, 37), (1, 3, 2), (1, 3, 5), (1, 3, 8), (1, 3, 11), (1, 3, 14), (1, 3, 17), (1, 3, 20), (1, 3, 23), (1, 3, 26), (1, 3, 29), (1, 3, 32), (1, 3, 35), (2, 2, 3), (2, 2, 6), (2, 2, 9), (2, 2, 12), (2, 2, 15), (2, 2, 18), (2, 2, 21), (2, 2, 24), (2, 2, 27), (2, 2, 30), (2, 2, 33), (2, 2, 36), (2, 3, 38), (3, 1, 2), (3, 1, 5), (3, 1, 8), (3, 1, 11), (3, 1, 14), (3, 1, 17), (3, 1, 20), (3, 1, 23), (3, 1, 26), (3, 1, 29), (3, 1, 32), (3, 1, 35), (3, 1, 38), (3, 3, 1), (3, 3, 4), (3, 3, 7), (3, 3, 10), (3, 3, 13), (3, 3, 16), (3, 3, 19), (3, 3, 22), (3, 3, 25), (3, 3, 28), (3, 3, 31), (3, 3, 34), (3, 3, 37)]
The domination number is: 66

The minimum dominating set of a 3 x 3 x 39 grid graph is: 
[(1, 1, 2), (1, 1, 5), (1, 1, 8), (1, 1, 11), (1, 1, 14), (1, 1, 17), (1, 1, 20), (1, 1, 23), (1, 1, 26), (1, 1, 29), (1, 1, 32), (1, 1, 35), (1, 1, 38), (1, 3, 2), (1, 3, 3), (1, 3, 6), (1, 3, 9), (1, 3, 12), (1, 3, 15), (1, 3, 18), (1, 3, 21), (1, 3, 24), (1, 3, 27), (1, 3, 30), (1, 3, 33), (1, 3, 36), (1, 3, 39), (2, 1, 1), (2, 2, 1), (2, 2, 4), (2, 2, 7), (2, 2, 10), (2, 2, 13), (2, 2, 16), (2, 2, 19), (2, 2, 22), (2, 2, 25), (2, 2, 28), (2, 2, 31), (2, 2, 34), (2, 2, 37), (2, 2, 39), (3, 1, 3), (3, 1, 6), (3, 1, 9), (3, 1, 12), (3, 1, 15), (3, 1, 18), (3, 1, 21), (3, 1, 24), (3, 1, 27), (3, 1, 30), (3, 1, 33), (3, 1, 36), (3, 1, 38), (3, 3, 2), (3, 3, 5), (3, 3, 8), (3, 3, 11), (3, 3, 14), (3, 3, 17), (3, 3, 20), (3, 3, 23), (3, 3, 26), (3, 3, 29), (3, 3, 32), (3, 3, 35), (3, 3, 38)]
The domination number is: 68

The minimum dominating set of a 3 x 3 x 40 grid graph is: 
[(1, 1, 4), (1, 1, 6), (1, 1, 9), (1, 1, 12), (1, 1, 15), (1, 1, 18), (1, 1, 21), (1, 1, 24), (1, 1, 27), (1, 1, 30), (1, 1, 33), (1, 1, 36), (1, 1, 39), (1, 2, 1), (1, 3, 4), (1, 3, 7), (1, 3, 10), (1, 3, 13), (1, 3, 16), (1, 3, 19), (1, 3, 22), (1, 3, 25), (1, 3, 28), (1, 3, 31), (1, 3, 34), (1, 3, 37), (1, 3, 40), (2, 1, 2), (2, 2, 3), (2, 2, 5), (2, 2, 8), (2, 2, 11), (2, 2, 14), (2, 2, 17), (2, 2, 20), (2, 2, 23), (2, 2, 26), (2, 2, 29), (2, 2, 32), (2, 2, 35), (2, 2, 38), (2, 2, 40), (2, 3, 2), (3, 1, 4), (3, 1, 7), (3, 1, 10), (3, 1, 13), (3, 1, 16), (3, 1, 19), (3, 1, 22), (3, 1, 25), (3, 1, 28), (3, 1, 31), (3, 1, 34), (3, 1, 37), (3, 1, 39), (3, 2, 1), (3, 3, 3), (3, 3, 6), (3, 3, 9), (3, 3, 12), (3, 3, 15), (3, 3, 18), (3, 3, 21), (3, 3, 24), (3, 3, 27), (3, 3, 30), (3, 3, 33), (3, 3, 36), (3, 3, 39)]
The domination number is: 70

