The minimum dominating set of a 2 x 3 x 31 grid graph is: 
[(1, 1, 6), (1, 1, 9), (1, 1, 14), (1, 1, 17), (1, 1, 22), (1, 1, 24), (1, 1, 27), (1, 2, 1), (1, 2, 3), (1, 2, 11), (1, 2, 19), (1, 2, 29), (1, 2, 31), (1, 3, 5), (1, 3, 8), (1, 3, 13), (1, 3, 16), (1, 3, 21), (1, 3, 24), (1, 3, 26), (2, 1, 2), (2, 1, 4), (2, 1, 9), (2, 1, 12), (2, 1, 17), (2, 1, 20), (2, 1, 27), (2, 1, 30), (2, 2, 7), (2, 2, 15), (2, 2, 23), (2, 2, 25), (2, 3, 2), (2, 3, 5), (2, 3, 10), (2, 3, 13), (2, 3, 18), (2, 3, 21), (2, 3, 28), (2, 3, 30)]
The domination number is: 40

The minimum dominating set of a 2 x 3 x 32 grid graph is: 
[(1, 1, 2), (1, 1, 9), (1, 1, 12), (1, 1, 17), (1, 1, 20), (1, 1, 25), (1, 1, 28), (1, 2, 4), (1, 2, 6), (1, 2, 14), (1, 2, 22), (1, 2, 30), (1, 2, 32), (1, 3, 2), (1, 3, 8), (1, 3, 11), (1, 3, 16), (1, 3, 19), (1, 3, 24), (1, 3, 27), (2, 1, 5), (2, 1, 7), (2, 1, 12), (2, 1, 15), (2, 1, 20), (2, 1, 23), (2, 1, 28), (2, 1, 31), (2, 2, 1), (2, 2, 3), (2, 2, 10), (2, 2, 18), (2, 2, 26), (2, 3, 5), (2, 3, 8), (2, 3, 13), (2, 3, 16), (2, 3, 21), (2, 3, 24), (2, 3, 29), (2, 3, 31)]
The domination number is: 41

The minimum dominating set of a 2 x 3 x 33 grid graph is: 
[(1, 1, 5), (1, 1, 8), (1, 1, 13), (1, 1, 16), (1, 1, 21), (1, 1, 24), (1, 1, 29), (1, 1, 32), (1, 2, 1), (1, 2, 3), (1, 2, 11), (1, 2, 19), (1, 2, 27), (1, 3, 6), (1, 3, 9), (1, 3, 14), (1, 3, 17), (1, 3, 22), (1, 3, 25), (1, 3, 30), (1, 3, 32), (2, 1, 2), (2, 1, 5), (2, 1, 10), (2, 1, 13), (2, 1, 18), (2, 1, 21), (2, 1, 26), (2, 1, 29), (2, 2, 7), (2, 2, 15), (2, 2, 23), (2, 2, 31), (2, 2, 33), (2, 3, 2), (2, 3, 4), (2, 3, 9), (2, 3, 12), (2, 3, 17), (2, 3, 20), (2, 3, 25), (2, 3, 28)]
The domination number is: 42

The minimum dominating set of a 2 x 3 x 34 grid graph is: 
[(1, 1, 2), (1, 1, 4), (1, 1, 9), (1, 1, 12), (1, 1, 17), (1, 1, 20), (1, 1, 23), (1, 1, 26), (1, 1, 31), (1, 1, 33), (1, 2, 7), (1, 2, 15), (1, 2, 28), (1, 3, 2), (1, 3, 5), (1, 3, 10), (1, 3, 13), (1, 3, 18), (1, 3, 20), (1, 3, 23), (1, 3, 25), (1, 3, 30), (1, 3, 33), (2, 1, 6), (2, 1, 9), (2, 1, 14), (2, 1, 17), (2, 1, 26), (2, 1, 29), (2, 2, 1), (2, 2, 3), (2, 2, 11), (2, 2, 19), (2, 2, 21), (2, 2, 22), (2, 2, 24), (2, 2, 32), (2, 2, 34), (2, 3, 5), (2, 3, 8), (2, 3, 13), (2, 3, 16), (2, 3, 27), (2, 3, 30)]
The domination number is: 44

The minimum dominating set of a 2 x 3 x 35 grid graph is: 
[(1, 1, 2), (1, 1, 5), (1, 1, 10), (1, 1, 13), (1, 1, 18), (1, 1, 20), (1, 1, 22), (1, 1, 27), (1, 1, 30), (1, 2, 7), (1, 2, 15), (1, 2, 25), (1, 2, 33), (1, 2, 35), (1, 3, 2), (1, 3, 4), (1, 3, 9), (1, 3, 12), (1, 3, 17), (1, 3, 20), (1, 3, 23), (1, 3, 28), (1, 3, 31), (2, 1, 5), (2, 1, 8), (2, 1, 13), (2, 1, 16), (2, 1, 24), (2, 1, 27), (2, 1, 32), (2, 1, 34), (2, 2, 1), (2, 2, 3), (2, 2, 11), (2, 2, 19), (2, 2, 21), (2, 2, 29), (2, 3, 6), (2, 3, 9), (2, 3, 14), (2, 3, 17), (2, 3, 23), (2, 3, 26), (2, 3, 31), (2, 3, 34)]
The domination number is: 45

The minimum dominating set of a 2 x 3 x 36 grid graph is: 
[(1, 1, 9), (1, 1, 12), (1, 1, 17), (1, 1, 20), (1, 1, 25), (1, 1, 28), (1, 1, 33), (1, 1, 35), (1, 2, 1), (1, 2, 3), (1, 2, 4), (1, 2, 6), (1, 2, 14), (1, 2, 22), (1, 2, 30), (1, 3, 8), (1, 3, 11), (1, 3, 16), (1, 3, 19), (1, 3, 24), (1, 3, 27), (1, 3, 32), (1, 3, 35), (2, 1, 2), (2, 1, 5), (2, 1, 7), (2, 1, 12), (2, 1, 15), (2, 1, 20), (2, 1, 23), (2, 1, 28), (2, 1, 31), (2, 2, 10), (2, 2, 18), (2, 2, 26), (2, 2, 34), (2, 2, 36), (2, 3, 2), (2, 3, 5), (2, 3, 8), (2, 3, 13), (2, 3, 16), (2, 3, 21), (2, 3, 24), (2, 3, 29), (2, 3, 32)]
The domination number is: 46

The minimum dominating set of a 2 x 3 x 37 grid graph is: 
[(1, 1, 5), (1, 1, 8), (1, 1, 13), (1, 1, 16), (1, 1, 21), (1, 1, 24), (1, 1, 29), (1, 1, 32), (1, 2, 1), (1, 2, 3), (1, 2, 11), (1, 2, 19), (1, 2, 27), (1, 2, 35), (1, 2, 37), (1, 3, 6), (1, 3, 9), (1, 3, 14), (1, 3, 17), (1, 3, 22), (1, 3, 25), (1, 3, 30), (1, 3, 33), (2, 1, 2), (2, 1, 5), (2, 1, 10), (2, 1, 13), (2, 1, 18), (2, 1, 21), (2, 1, 26), (2, 1, 29), (2, 1, 34), (2, 1, 36), (2, 2, 7), (2, 2, 15), (2, 2, 23), (2, 2, 31), (2, 3, 2), (2, 3, 4), (2, 3, 9), (2, 3, 12), (2, 3, 17), (2, 3, 20), (2, 3, 25), (2, 3, 28), (2, 3, 33), (2, 3, 36)]
The domination number is: 47

The minimum dominating set of a 2 x 3 x 38 grid graph is: 
[(1, 1, 2), (1, 1, 4), (1, 1, 9), (1, 1, 12), (1, 1, 16), (1, 1, 19), (1, 1, 24), (1, 1, 27), (1, 1, 32), (1, 1, 34), (1, 2, 7), (1, 2, 15), (1, 2, 21), (1, 2, 29), (1, 2, 36), (1, 2, 38), (1, 3, 2), (1, 3, 5), (1, 3, 10), (1, 3, 13), (1, 3, 18), (1, 3, 23), (1, 3, 26), (1, 3, 31), (1, 3, 34), (2, 1, 6), (2, 1, 9), (2, 1, 14), (2, 1, 19), (2, 1, 22), (2, 1, 27), (2, 1, 30), (2, 1, 37), (2, 2, 1), (2, 2, 3), (2, 2, 11), (2, 2, 17), (2, 2, 25), (2, 2, 33), (2, 2, 35), (2, 3, 5), (2, 3, 8), (2, 3, 13), (2, 3, 16), (2, 3, 20), (2, 3, 23), (2, 3, 28), (2, 3, 31), (2, 3, 37)]
The domination number is: 49

The minimum dominating set of a 2 x 3 x 39 grid graph is: 
[(1, 1, 2), (1, 1, 4), (1, 1, 9), (1, 1, 12), (1, 1, 17), (1, 1, 20), (1, 1, 25), (1, 1, 28), (1, 1, 30), (1, 1, 35), (1, 1, 38), (1, 2, 7), (1, 2, 15), (1, 2, 23), (1, 2, 33), (1, 3, 2), (1, 3, 5), (1, 3, 10), (1, 3, 13), (1, 3, 18), (1, 3, 21), (1, 3, 26), (1, 3, 28), (1, 3, 31), (1, 3, 36), (1, 3, 38), (2, 1, 6), (2, 1, 9), (2, 1, 14), (2, 1, 17), (2, 1, 22), (2, 1, 25), (2, 1, 32), (2, 1, 35), (2, 2, 1), (2, 2, 3), (2, 2, 11), (2, 2, 19), (2, 2, 27), (2, 2, 29), (2, 2, 37), (2, 2, 39), (2, 3, 5), (2, 3, 8), (2, 3, 13), (2, 3, 16), (2, 3, 21), (2, 3, 24), (2, 3, 31), (2, 3, 34)]
The domination number is: 50

The minimum dominating set of a 2 x 3 x 40 grid graph is: 
[(1, 1, 8), (1, 1, 11), (1, 1, 16), (1, 1, 19), (1, 1, 24), (1, 1, 27), (1, 1, 32), (1, 1, 35), (1, 2, 1), (1, 2, 3), (1, 2, 4), (1, 2, 6), (1, 2, 14), (1, 2, 22), (1, 2, 30), (1, 2, 38), (1, 2, 40), (1, 3, 9), (1, 3, 12), (1, 3, 17), (1, 3, 20), (1, 3, 25), (1, 3, 28), (1, 3, 33), (1, 3, 36), (2, 1, 2), (2, 1, 5), (2, 1, 8), (2, 1, 13), (2, 1, 16), (2, 1, 21), (2, 1, 24), (2, 1, 29), (2, 1, 32), (2, 1, 37), (2, 1, 39), (2, 2, 10), (2, 2, 18), (2, 2, 26), (2, 2, 34), (2, 3, 2), (2, 3, 5), (2, 3, 7), (2, 3, 12), (2, 3, 15), (2, 3, 20), (2, 3, 23), (2, 3, 28), (2, 3, 31), (2, 3, 36), (2, 3, 39)]
The domination number is: 51

