The minimum dominating set of a 2 x 3 x 2 grid graph is: 
[(1, 1, 2), (1, 3, 2), (2, 2, 1)]
The domination number is: 3

The minimum dominating set of a 2 x 3 x 3 grid graph is: 
[(1, 2, 1), (1, 2, 3), (2, 1, 2), (2, 3, 2)]
The domination number is: 4

The minimum dominating set of a 2 x 3 x 4 grid graph is: 
[(1, 2, 1), (1, 2, 3), (1, 2, 4), (2, 1, 2), (2, 2, 4), (2, 3, 2)]
The domination number is: 6

The minimum dominating set of a 2 x 3 x 5 grid graph is: 
[(1, 2, 1), (1, 2, 3), (1, 2, 4), (2, 1, 2), (2, 1, 5), (2, 3, 2), (2, 3, 5)]
The domination number is: 7

The minimum dominating set of a 2 x 3 x 6 grid graph is: 
[(1, 1, 2), (1, 1, 5), (1, 3, 2), (1, 3, 5), (2, 2, 1), (2, 2, 3), (2, 2, 4), (2, 2, 6)]
The domination number is: 8

The minimum dominating set of a 2 x 3 x 7 grid graph is: 
[(1, 1, 2), (1, 1, 6), (1, 3, 3), (1, 3, 5), (1, 3, 6), (2, 1, 4), (2, 2, 1), (2, 2, 4), (2, 2, 7), (2, 3, 1)]
The domination number is: 10

The minimum dominating set of a 2 x 3 x 8 grid graph is: 
[(1, 1, 4), (1, 2, 2), (1, 2, 6), (1, 2, 8), (1, 3, 4), (2, 1, 1), (2, 1, 7), (2, 2, 3), (2, 2, 5), (2, 3, 1), (2, 3, 7)]
The domination number is: 11

The minimum dominating set of a 2 x 3 x 9 grid graph is: 
[(1, 1, 5), (1, 2, 1), (1, 2, 3), (1, 2, 7), (1, 2, 9), (1, 3, 5), (2, 1, 2), (2, 1, 8), (2, 2, 4), (2, 2, 6), (2, 3, 2), (2, 3, 8)]
The domination number is: 12

The minimum dominating set of a 2 x 3 x 10 grid graph is: 
[(1, 1, 2), (1, 1, 5), (1, 1, 9), (1, 2, 7), (1, 3, 2), (1, 3, 4), (1, 3, 9), (2, 1, 7), (2, 2, 1), (2, 2, 3), (2, 2, 4), (2, 2, 10), (2, 3, 6), (2, 3, 8)]
The domination number is: 14

The minimum dominating set of a 2 x 3 x 11 grid graph is: 
[(1, 1, 5), (1, 1, 8), (1, 2, 1), (1, 2, 3), (1, 2, 10), (1, 3, 5), (1, 3, 7), (1, 3, 11), (2, 1, 2), (2, 1, 8), (2, 1, 11), (2, 2, 4), (2, 2, 6), (2, 3, 2), (2, 3, 9)]
The domination number is: 15

The minimum dominating set of a 2 x 3 x 12 grid graph is: 
[(1, 1, 1), (1, 1, 4), (1, 1, 9), (1, 1, 11), (1, 2, 6), (1, 3, 3), (1, 3, 8), (1, 3, 11), (2, 1, 4), (2, 1, 7), (2, 2, 2), (2, 2, 10), (2, 2, 12), (2, 3, 1), (2, 3, 5), (2, 3, 8)]
The domination number is: 16

The minimum dominating set of a 2 x 3 x 13 grid graph is: 
[(1, 1, 5), (1, 1, 8), (1, 2, 1), (1, 2, 3), (1, 2, 11), (1, 2, 13), (1, 3, 6), (1, 3, 9), (2, 1, 2), (2, 1, 5), (2, 1, 10), (2, 1, 12), (2, 2, 7), (2, 3, 2), (2, 3, 4), (2, 3, 9), (2, 3, 12)]
The domination number is: 17

The minimum dominating set of a 2 x 3 x 14 grid graph is: 
[(1, 1, 6), (1, 1, 9), (1, 1, 14), (1, 2, 1), (1, 2, 3), (1, 2, 11), (1, 2, 12), (1, 3, 5), (1, 3, 8), (2, 1, 2), (2, 1, 4), (2, 1, 9), (2, 1, 12), (2, 2, 7), (2, 3, 2), (2, 3, 5), (2, 3, 10), (2, 3, 13), (2, 3, 14)]
The domination number is: 19

The minimum dominating set of a 2 x 3 x 15 grid graph is: 
[(1, 1, 5), (1, 1, 8), (1, 1, 11), (1, 2, 1), (1, 2, 3), (1, 2, 13), (1, 2, 15), (1, 3, 6), (1, 3, 8), (1, 3, 11), (2, 1, 2), (2, 1, 5), (2, 1, 14), (2, 2, 7), (2, 2, 9), (2, 2, 10), (2, 2, 12), (2, 3, 2), (2, 3, 4), (2, 3, 14)]
The domination number is: 20

The minimum dominating set of a 2 x 3 x 16 grid graph is: 
[(1, 1, 6), (1, 1, 9), (1, 1, 14), (1, 1, 16), (1, 2, 1), (1, 2, 3), (1, 2, 11), (1, 3, 5), (1, 3, 8), (1, 3, 13), (1, 3, 16), (2, 1, 2), (2, 1, 4), (2, 1, 9), (2, 1, 12), (2, 2, 7), (2, 2, 15), (2, 3, 2), (2, 3, 5), (2, 3, 10), (2, 3, 13)]
The domination number is: 21

The minimum dominating set of a 2 x 3 x 17 grid graph is: 
[(1, 1, 6), (1, 1, 9), (1, 1, 14), (1, 1, 16), (1, 2, 1), (1, 2, 3), (1, 2, 11), (1, 3, 5), (1, 3, 8), (1, 3, 13), (1, 3, 16), (2, 1, 2), (2, 1, 4), (2, 1, 9), (2, 1, 12), (2, 2, 7), (2, 2, 15), (2, 2, 17), (2, 3, 2), (2, 3, 5), (2, 3, 10), (2, 3, 13)]
The domination number is: 22

The minimum dominating set of a 2 x 3 x 18 grid graph is: 
[(1, 1, 3), (1, 1, 6), (1, 1, 11), (1, 1, 14), (1, 2, 1), (1, 2, 8), (1, 2, 16), (1, 2, 18), (1, 3, 2), (1, 3, 5), (1, 3, 10), (1, 3, 13), (2, 1, 1), (2, 1, 6), (2, 1, 9), (2, 1, 14), (2, 1, 17), (2, 2, 4), (2, 2, 12), (2, 3, 2), (2, 3, 7), (2, 3, 10), (2, 3, 15), (2, 3, 17)]
The domination number is: 24

The minimum dominating set of a 2 x 3 x 19 grid graph is: 
[(1, 1, 5), (1, 1, 8), (1, 1, 13), (1, 1, 16), (1, 1, 18), (1, 2, 1), (1, 2, 3), (1, 2, 11), (1, 3, 6), (1, 3, 9), (1, 3, 14), (1, 3, 16), (1, 3, 18), (2, 1, 2), (2, 1, 5), (2, 1, 10), (2, 1, 13), (2, 2, 7), (2, 2, 15), (2, 2, 17), (2, 2, 19), (2, 3, 2), (2, 3, 4), (2, 3, 9), (2, 3, 12)]
The domination number is: 25

The minimum dominating set of a 2 x 3 x 20 grid graph is: 
[(1, 1, 2), (1, 1, 8), (1, 1, 11), (1, 1, 16), (1, 1, 19), (1, 2, 4), (1, 2, 6), (1, 2, 14), (1, 3, 2), (1, 3, 9), (1, 3, 12), (1, 3, 17), (1, 3, 19), (2, 1, 5), (2, 1, 8), (2, 1, 13), (2, 1, 16), (2, 2, 1), (2, 2, 3), (2, 2, 10), (2, 2, 18), (2, 2, 20), (2, 3, 5), (2, 3, 7), (2, 3, 12), (2, 3, 15)]
The domination number is: 26

The minimum dominating set of a 2 x 3 x 21 grid graph is: 
[(1, 1, 5), (1, 1, 8), (1, 1, 13), (1, 1, 16), (1, 2, 1), (1, 2, 3), (1, 2, 11), (1, 2, 19), (1, 2, 21), (1, 3, 6), (1, 3, 9), (1, 3, 14), (1, 3, 17), (2, 1, 2), (2, 1, 5), (2, 1, 10), (2, 1, 13), (2, 1, 18), (2, 1, 20), (2, 2, 7), (2, 2, 15), (2, 3, 2), (2, 3, 4), (2, 3, 9), (2, 3, 12), (2, 3, 17), (2, 3, 20)]
The domination number is: 27

The minimum dominating set of a 2 x 3 x 22 grid graph is: 
[(1, 1, 2), (1, 1, 5), (1, 1, 7), (1, 1, 11), (1, 1, 15), (1, 1, 18), (1, 2, 10), (1, 2, 12), (1, 2, 20), (1, 2, 22), (1, 3, 2), (1, 3, 5), (1, 3, 8), (1, 3, 14), (1, 3, 17), (2, 1, 9), (2, 1, 13), (2, 1, 18), (2, 1, 21), (2, 2, 1), (2, 2, 3), (2, 2, 4), (2, 2, 6), (2, 2, 16), (2, 3, 8), (2, 3, 11), (2, 3, 14), (2, 3, 19), (2, 3, 21)]
The domination number is: 29

The minimum dominating set of a 2 x 3 x 23 grid graph is: 
[(1, 1, 5), (1, 1, 8), (1, 1, 16), (1, 1, 19), (1, 2, 1), (1, 2, 3), (1, 2, 11), (1, 2, 13), (1, 2, 21), (1, 2, 23), (1, 3, 6), (1, 3, 9), (1, 3, 15), (1, 3, 18), (2, 1, 2), (2, 1, 5), (2, 1, 10), (2, 1, 12), (2, 1, 14), (2, 1, 19), (2, 1, 22), (2, 2, 7), (2, 2, 17), (2, 3, 2), (2, 3, 4), (2, 3, 9), (2, 3, 12), (2, 3, 15), (2, 3, 20), (2, 3, 22)]
The domination number is: 30

The minimum dominating set of a 2 x 3 x 24 grid graph is: 
[(1, 1, 2), (1, 1, 4), (1, 1, 9), (1, 1, 12), (1, 1, 17), (1, 1, 20), (1, 2, 7), (1, 2, 15), (1, 2, 23), (1, 3, 2), (1, 3, 5), (1, 3, 10), (1, 3, 13), (1, 3, 18), (1, 3, 21), (2, 1, 6), (2, 1, 9), (2, 1, 14), (2, 1, 17), (2, 1, 22), (2, 1, 24), (2, 2, 1), (2, 2, 3), (2, 2, 11), (2, 2, 19), (2, 3, 5), (2, 3, 8), (2, 3, 13), (2, 3, 16), (2, 3, 21), (2, 3, 24)]
The domination number is: 31

The minimum dominating set of a 2 x 3 x 25 grid graph is: 
[(1, 1, 2), (1, 1, 4), (1, 1, 9), (1, 1, 12), (1, 1, 17), (1, 1, 20), (1, 2, 7), (1, 2, 15), (1, 2, 23), (1, 2, 25), (1, 3, 2), (1, 3, 5), (1, 3, 10), (1, 3, 13), (1, 3, 18), (1, 3, 21), (2, 1, 6), (2, 1, 9), (2, 1, 14), (2, 1, 17), (2, 1, 22), (2, 1, 24), (2, 2, 1), (2, 2, 3), (2, 2, 11), (2, 2, 19), (2, 3, 5), (2, 3, 8), (2, 3, 13), (2, 3, 16), (2, 3, 21), (2, 3, 24)]
The domination number is: 32

The minimum dominating set of a 2 x 3 x 26 grid graph is: 
[(1, 1, 8), (1, 1, 11), (1, 1, 16), (1, 1, 19), (1, 2, 2), (1, 2, 3), (1, 2, 5), (1, 2, 13), (1, 2, 21), (1, 2, 23), (1, 2, 24), (1, 2, 26), (1, 3, 7), (1, 3, 10), (1, 3, 15), (1, 3, 18), (2, 1, 1), (2, 1, 4), (2, 1, 6), (2, 1, 11), (2, 1, 14), (2, 1, 19), (2, 1, 22), (2, 1, 25), (2, 2, 9), (2, 2, 17), (2, 3, 1), (2, 3, 4), (2, 3, 7), (2, 3, 12), (2, 3, 15), (2, 3, 20), (2, 3, 22), (2, 3, 25)]
The domination number is: 34

The minimum dominating set of a 2 x 3 x 27 grid graph is: 
[(1, 1, 5), (1, 1, 8), (1, 1, 11), (1, 1, 16), (1, 1, 19), (1, 1, 24), (1, 1, 26), (1, 2, 1), (1, 2, 3), (1, 2, 13), (1, 2, 21), (1, 3, 6), (1, 3, 10), (1, 3, 15), (1, 3, 18), (1, 3, 23), (1, 3, 26), (2, 1, 2), (2, 1, 5), (2, 1, 11), (2, 1, 14), (2, 1, 19), (2, 1, 22), (2, 2, 7), (2, 2, 9), (2, 2, 17), (2, 2, 25), (2, 2, 27), (2, 3, 2), (2, 3, 4), (2, 3, 8), (2, 3, 12), (2, 3, 15), (2, 3, 20), (2, 3, 23)]
The domination number is: 35

The minimum dominating set of a 2 x 3 x 28 grid graph is: 
[(1, 1, 1), (1, 1, 5), (1, 1, 8), (1, 1, 13), (1, 1, 16), (1, 1, 21), (1, 1, 24), (1, 2, 2), (1, 2, 10), (1, 2, 18), (1, 2, 26), (1, 2, 28), (1, 3, 4), (1, 3, 7), (1, 3, 12), (1, 3, 15), (1, 3, 20), (1, 3, 23), (2, 1, 3), (2, 1, 8), (2, 1, 11), (2, 1, 16), (2, 1, 19), (2, 1, 24), (2, 1, 27), (2, 2, 6), (2, 2, 14), (2, 2, 22), (2, 3, 1), (2, 3, 4), (2, 3, 9), (2, 3, 12), (2, 3, 17), (2, 3, 20), (2, 3, 25), (2, 3, 27)]
The domination number is: 36

The minimum dominating set of a 2 x 3 x 29 grid graph is: 
[(1, 1, 2), (1, 1, 5), (1, 1, 10), (1, 1, 13), (1, 1, 18), (1, 1, 21), (1, 1, 26), (1, 1, 28), (1, 2, 7), (1, 2, 15), (1, 2, 23), (1, 3, 2), (1, 3, 4), (1, 3, 9), (1, 3, 12), (1, 3, 17), (1, 3, 20), (1, 3, 25), (1, 3, 28), (2, 1, 5), (2, 1, 8), (2, 1, 13), (2, 1, 16), (2, 1, 21), (2, 1, 24), (2, 2, 1), (2, 2, 3), (2, 2, 11), (2, 2, 19), (2, 2, 27), (2, 2, 29), (2, 3, 6), (2, 3, 9), (2, 3, 14), (2, 3, 17), (2, 3, 22), (2, 3, 25)]
The domination number is: 37

The minimum dominating set of a 2 x 3 x 30 grid graph is: 
[(1, 1, 6), (1, 1, 9), (1, 1, 14), (1, 1, 19), (1, 1, 22), (1, 1, 27), (1, 1, 30), (1, 2, 1), (1, 2, 3), (1, 2, 11), (1, 2, 17), (1, 2, 25), (1, 3, 5), (1, 3, 8), (1, 3, 12), (1, 3, 15), (1, 3, 20), (1, 3, 23), (1, 3, 28), (2, 1, 2), (2, 1, 4), (2, 1, 9), (2, 1, 12), (2, 1, 16), (2, 1, 19), (2, 1, 24), (2, 1, 27), (2, 2, 7), (2, 2, 13), (2, 2, 21), (2, 2, 29), (2, 3, 2), (2, 3, 5), (2, 3, 10), (2, 3, 15), (2, 3, 18), (2, 3, 23), (2, 3, 26), (2, 3, 30)]
The domination number is: 39

The minimum dominating set of a 2 x 3 x 31 grid graph is: 
[(1, 1, 6), (1, 1, 9), (1, 1, 14), (1, 1, 17), (1, 1, 22), (1, 1, 24), (1, 1, 27), (1, 2, 1), (1, 2, 3), (1, 2, 11), (1, 2, 19), (1, 2, 29), (1, 2, 31), (1, 3, 5), (1, 3, 8), (1, 3, 13), (1, 3, 16), (1, 3, 21), (1, 3, 24), (1, 3, 26), (2, 1, 2), (2, 1, 4), (2, 1, 9), (2, 1, 12), (2, 1, 17), (2, 1, 20), (2, 1, 27), (2, 1, 30), (2, 2, 7), (2, 2, 15), (2, 2, 23), (2, 2, 25), (2, 3, 2), (2, 3, 5), (2, 3, 10), (2, 3, 13), (2, 3, 18), (2, 3, 21), (2, 3, 28), (2, 3, 30)]
The domination number is: 40

The minimum dominating set of a 2 x 3 x 32 grid graph is: 
[(1, 1, 2), (1, 1, 9), (1, 1, 12), (1, 1, 17), (1, 1, 20), (1, 1, 25), (1, 1, 28), (1, 2, 4), (1, 2, 6), (1, 2, 14), (1, 2, 22), (1, 2, 30), (1, 2, 32), (1, 3, 2), (1, 3, 8), (1, 3, 11), (1, 3, 16), (1, 3, 19), (1, 3, 24), (1, 3, 27), (2, 1, 5), (2, 1, 7), (2, 1, 12), (2, 1, 15), (2, 1, 20), (2, 1, 23), (2, 1, 28), (2, 1, 31), (2, 2, 1), (2, 2, 3), (2, 2, 10), (2, 2, 18), (2, 2, 26), (2, 3, 5), (2, 3, 8), (2, 3, 13), (2, 3, 16), (2, 3, 21), (2, 3, 24), (2, 3, 29), (2, 3, 31)]
The domination number is: 41

The minimum dominating set of a 2 x 3 x 33 grid graph is: 
[(1, 1, 5), (1, 1, 8), (1, 1, 13), (1, 1, 16), (1, 1, 21), (1, 1, 24), (1, 1, 29), (1, 1, 32), (1, 2, 1), (1, 2, 3), (1, 2, 11), (1, 2, 19), (1, 2, 27), (1, 3, 6), (1, 3, 9), (1, 3, 14), (1, 3, 17), (1, 3, 22), (1, 3, 25), (1, 3, 30), (1, 3, 32), (2, 1, 2), (2, 1, 5), (2, 1, 10), (2, 1, 13), (2, 1, 18), (2, 1, 21), (2, 1, 26), (2, 1, 29), (2, 2, 7), (2, 2, 15), (2, 2, 23), (2, 2, 31), (2, 2, 33), (2, 3, 2), (2, 3, 4), (2, 3, 9), (2, 3, 12), (2, 3, 17), (2, 3, 20), (2, 3, 25), (2, 3, 28)]
The domination number is: 42

The minimum dominating set of a 2 x 3 x 34 grid graph is: 
[(1, 1, 2), (1, 1, 4), (1, 1, 9), (1, 1, 12), (1, 1, 17), (1, 1, 20), (1, 1, 23), (1, 1, 26), (1, 1, 31), (1, 1, 33), (1, 2, 7), (1, 2, 15), (1, 2, 28), (1, 3, 2), (1, 3, 5), (1, 3, 10), (1, 3, 13), (1, 3, 18), (1, 3, 20), (1, 3, 23), (1, 3, 25), (1, 3, 30), (1, 3, 33), (2, 1, 6), (2, 1, 9), (2, 1, 14), (2, 1, 17), (2, 1, 26), (2, 1, 29), (2, 2, 1), (2, 2, 3), (2, 2, 11), (2, 2, 19), (2, 2, 21), (2, 2, 22), (2, 2, 24), (2, 2, 32), (2, 2, 34), (2, 3, 5), (2, 3, 8), (2, 3, 13), (2, 3, 16), (2, 3, 27), (2, 3, 30)]
The domination number is: 44

The minimum dominating set of a 2 x 3 x 35 grid graph is: 
[(1, 1, 2), (1, 1, 5), (1, 1, 10), (1, 1, 13), (1, 1, 18), (1, 1, 20), (1, 1, 22), (1, 1, 27), (1, 1, 30), (1, 2, 7), (1, 2, 15), (1, 2, 25), (1, 2, 33), (1, 2, 35), (1, 3, 2), (1, 3, 4), (1, 3, 9), (1, 3, 12), (1, 3, 17), (1, 3, 20), (1, 3, 23), (1, 3, 28), (1, 3, 31), (2, 1, 5), (2, 1, 8), (2, 1, 13), (2, 1, 16), (2, 1, 24), (2, 1, 27), (2, 1, 32), (2, 1, 34), (2, 2, 1), (2, 2, 3), (2, 2, 11), (2, 2, 19), (2, 2, 21), (2, 2, 29), (2, 3, 6), (2, 3, 9), (2, 3, 14), (2, 3, 17), (2, 3, 23), (2, 3, 26), (2, 3, 31), (2, 3, 34)]
The domination number is: 45

The minimum dominating set of a 2 x 3 x 36 grid graph is: 
[(1, 1, 9), (1, 1, 12), (1, 1, 17), (1, 1, 20), (1, 1, 25), (1, 1, 28), (1, 1, 33), (1, 1, 35), (1, 2, 1), (1, 2, 3), (1, 2, 4), (1, 2, 6), (1, 2, 14), (1, 2, 22), (1, 2, 30), (1, 3, 8), (1, 3, 11), (1, 3, 16), (1, 3, 19), (1, 3, 24), (1, 3, 27), (1, 3, 32), (1, 3, 35), (2, 1, 2), (2, 1, 5), (2, 1, 7), (2, 1, 12), (2, 1, 15), (2, 1, 20), (2, 1, 23), (2, 1, 28), (2, 1, 31), (2, 2, 10), (2, 2, 18), (2, 2, 26), (2, 2, 34), (2, 2, 36), (2, 3, 2), (2, 3, 5), (2, 3, 8), (2, 3, 13), (2, 3, 16), (2, 3, 21), (2, 3, 24), (2, 3, 29), (2, 3, 32)]
The domination number is: 46

The minimum dominating set of a 2 x 3 x 37 grid graph is: 
[(1, 1, 5), (1, 1, 8), (1, 1, 13), (1, 1, 16), (1, 1, 21), (1, 1, 24), (1, 1, 29), (1, 1, 32), (1, 2, 1), (1, 2, 3), (1, 2, 11), (1, 2, 19), (1, 2, 27), (1, 2, 35), (1, 2, 37), (1, 3, 6), (1, 3, 9), (1, 3, 14), (1, 3, 17), (1, 3, 22), (1, 3, 25), (1, 3, 30), (1, 3, 33), (2, 1, 2), (2, 1, 5), (2, 1, 10), (2, 1, 13), (2, 1, 18), (2, 1, 21), (2, 1, 26), (2, 1, 29), (2, 1, 34), (2, 1, 36), (2, 2, 7), (2, 2, 15), (2, 2, 23), (2, 2, 31), (2, 3, 2), (2, 3, 4), (2, 3, 9), (2, 3, 12), (2, 3, 17), (2, 3, 20), (2, 3, 25), (2, 3, 28), (2, 3, 33), (2, 3, 36)]
The domination number is: 47

The minimum dominating set of a 2 x 3 x 38 grid graph is: 
[(1, 1, 2), (1, 1, 4), (1, 1, 9), (1, 1, 12), (1, 1, 16), (1, 1, 19), (1, 1, 24), (1, 1, 27), (1, 1, 32), (1, 1, 34), (1, 2, 7), (1, 2, 15), (1, 2, 21), (1, 2, 29), (1, 2, 36), (1, 2, 38), (1, 3, 2), (1, 3, 5), (1, 3, 10), (1, 3, 13), (1, 3, 18), (1, 3, 23), (1, 3, 26), (1, 3, 31), (1, 3, 34), (2, 1, 6), (2, 1, 9), (2, 1, 14), (2, 1, 19), (2, 1, 22), (2, 1, 27), (2, 1, 30), (2, 1, 37), (2, 2, 1), (2, 2, 3), (2, 2, 11), (2, 2, 17), (2, 2, 25), (2, 2, 33), (2, 2, 35), (2, 3, 5), (2, 3, 8), (2, 3, 13), (2, 3, 16), (2, 3, 20), (2, 3, 23), (2, 3, 28), (2, 3, 31), (2, 3, 37)]
The domination number is: 49

The minimum dominating set of a 2 x 3 x 39 grid graph is: 
[(1, 1, 2), (1, 1, 4), (1, 1, 9), (1, 1, 12), (1, 1, 17), (1, 1, 20), (1, 1, 25), (1, 1, 28), (1, 1, 30), (1, 1, 35), (1, 1, 38), (1, 2, 7), (1, 2, 15), (1, 2, 23), (1, 2, 33), (1, 3, 2), (1, 3, 5), (1, 3, 10), (1, 3, 13), (1, 3, 18), (1, 3, 21), (1, 3, 26), (1, 3, 28), (1, 3, 31), (1, 3, 36), (1, 3, 38), (2, 1, 6), (2, 1, 9), (2, 1, 14), (2, 1, 17), (2, 1, 22), (2, 1, 25), (2, 1, 32), (2, 1, 35), (2, 2, 1), (2, 2, 3), (2, 2, 11), (2, 2, 19), (2, 2, 27), (2, 2, 29), (2, 2, 37), (2, 2, 39), (2, 3, 5), (2, 3, 8), (2, 3, 13), (2, 3, 16), (2, 3, 21), (2, 3, 24), (2, 3, 31), (2, 3, 34)]
The domination number is: 50

The minimum dominating set of a 2 x 3 x 40 grid graph is: 
[(1, 1, 8), (1, 1, 11), (1, 1, 16), (1, 1, 19), (1, 1, 24), (1, 1, 27), (1, 1, 32), (1, 1, 35), (1, 2, 1), (1, 2, 3), (1, 2, 4), (1, 2, 6), (1, 2, 14), (1, 2, 22), (1, 2, 30), (1, 2, 38), (1, 2, 40), (1, 3, 9), (1, 3, 12), (1, 3, 17), (1, 3, 20), (1, 3, 25), (1, 3, 28), (1, 3, 33), (1, 3, 36), (2, 1, 2), (2, 1, 5), (2, 1, 8), (2, 1, 13), (2, 1, 16), (2, 1, 21), (2, 1, 24), (2, 1, 29), (2, 1, 32), (2, 1, 37), (2, 1, 39), (2, 2, 10), (2, 2, 18), (2, 2, 26), (2, 2, 34), (2, 3, 2), (2, 3, 5), (2, 3, 7), (2, 3, 12), (2, 3, 15), (2, 3, 20), (2, 3, 23), (2, 3, 28), (2, 3, 31), (2, 3, 36), (2, 3, 39)]
The domination number is: 51

The minimum dominating set of a 2 x 3 x 41 grid graph is: 
[(1, 1, 2), (1, 1, 5), (1, 1, 10), (1, 1, 13), (1, 1, 18), (1, 1, 21), (1, 1, 26), (1, 1, 29), (1, 1, 34), (1, 1, 37), (1, 2, 7), (1, 2, 15), (1, 2, 23), (1, 2, 31), (1, 2, 39), (1, 2, 41), (1, 3, 2), (1, 3, 4), (1, 3, 9), (1, 3, 12), (1, 3, 17), (1, 3, 20), (1, 3, 25), (1, 3, 28), (1, 3, 33), (1, 3, 36), (2, 1, 5), (2, 1, 8), (2, 1, 13), (2, 1, 16), (2, 1, 21), (2, 1, 24), (2, 1, 29), (2, 1, 32), (2, 1, 37), (2, 1, 40), (2, 2, 1), (2, 2, 3), (2, 2, 11), (2, 2, 19), (2, 2, 27), (2, 2, 35), (2, 3, 6), (2, 3, 9), (2, 3, 14), (2, 3, 17), (2, 3, 22), (2, 3, 25), (2, 3, 30), (2, 3, 33), (2, 3, 38), (2, 3, 40)]
The domination number is: 52

The minimum dominating set of a 2 x 3 x 42 grid graph is: 
[(1, 1, 2), (1, 1, 5), (1, 1, 10), (1, 1, 15), (1, 1, 18), (1, 1, 23), (1, 1, 26), (1, 1, 31), (1, 1, 34), (1, 1, 39), (1, 1, 42), (1, 2, 7), (1, 2, 13), (1, 2, 21), (1, 2, 29), (1, 2, 37), (1, 3, 2), (1, 3, 4), (1, 3, 8), (1, 3, 11), (1, 3, 16), (1, 3, 19), (1, 3, 24), (1, 3, 27), (1, 3, 32), (1, 3, 35), (1, 3, 40), (1, 3, 42), (2, 1, 5), (2, 1, 8), (2, 1, 12), (2, 1, 15), (2, 1, 20), (2, 1, 23), (2, 1, 28), (2, 1, 31), (2, 1, 36), (2, 1, 39), (2, 2, 1), (2, 2, 3), (2, 2, 9), (2, 2, 17), (2, 2, 25), (2, 2, 33), (2, 2, 41), (2, 3, 6), (2, 3, 11), (2, 3, 14), (2, 3, 19), (2, 3, 22), (2, 3, 27), (2, 3, 30), (2, 3, 35), (2, 3, 38)]
The domination number is: 54

The minimum dominating set of a 2 x 3 x 43 grid graph is: 
[(1, 1, 5), (1, 1, 8), (1, 1, 13), (1, 1, 16), (1, 1, 21), (1, 1, 24), (1, 1, 29), (1, 1, 32), (1, 1, 37), (1, 1, 39), (1, 2, 1), (1, 2, 3), (1, 2, 10), (1, 2, 18), (1, 2, 26), (1, 2, 34), (1, 2, 41), (1, 2, 43), (1, 3, 5), (1, 3, 7), (1, 3, 12), (1, 3, 15), (1, 3, 20), (1, 3, 23), (1, 3, 28), (1, 3, 31), (1, 3, 36), (1, 3, 39), (2, 1, 2), (2, 1, 8), (2, 1, 11), (2, 1, 16), (2, 1, 19), (2, 1, 24), (2, 1, 27), (2, 1, 32), (2, 1, 35), (2, 1, 42), (2, 2, 4), (2, 2, 6), (2, 2, 14), (2, 2, 22), (2, 2, 30), (2, 2, 38), (2, 2, 40), (2, 3, 2), (2, 3, 9), (2, 3, 12), (2, 3, 17), (2, 3, 20), (2, 3, 25), (2, 3, 28), (2, 3, 33), (2, 3, 36), (2, 3, 42)]
The domination number is: 55

The minimum dominating set of a 2 x 3 x 44 grid graph is: 
[(1, 1, 5), (1, 1, 8), (1, 1, 13), (1, 1, 16), (1, 1, 21), (1, 1, 24), (1, 1, 29), (1, 1, 32), (1, 1, 37), (1, 1, 40), (1, 1, 44), (1, 2, 1), (1, 2, 3), (1, 2, 11), (1, 2, 19), (1, 2, 27), (1, 2, 35), (1, 2, 43), (1, 3, 6), (1, 3, 9), (1, 3, 14), (1, 3, 17), (1, 3, 22), (1, 3, 25), (1, 3, 30), (1, 3, 33), (1, 3, 38), (1, 3, 41), (2, 1, 2), (2, 1, 5), (2, 1, 10), (2, 1, 13), (2, 1, 18), (2, 1, 21), (2, 1, 26), (2, 1, 29), (2, 1, 34), (2, 1, 37), (2, 1, 42), (2, 2, 7), (2, 2, 15), (2, 2, 23), (2, 2, 31), (2, 2, 39), (2, 3, 2), (2, 3, 4), (2, 3, 9), (2, 3, 12), (2, 3, 17), (2, 3, 20), (2, 3, 25), (2, 3, 28), (2, 3, 33), (2, 3, 36), (2, 3, 41), (2, 3, 44)]
The domination number is: 56

The minimum dominating set of a 2 x 3 x 45 grid graph is: 
[(1, 1, 5), (1, 1, 8), (1, 1, 13), (1, 1, 16), (1, 1, 21), (1, 1, 24), (1, 1, 29), (1, 1, 32), (1, 1, 37), (1, 1, 40), (1, 2, 1), (1, 2, 3), (1, 2, 11), (1, 2, 19), (1, 2, 27), (1, 2, 35), (1, 2, 43), (1, 2, 45), (1, 3, 6), (1, 3, 9), (1, 3, 14), (1, 3, 17), (1, 3, 22), (1, 3, 25), (1, 3, 30), (1, 3, 33), (1, 3, 38), (1, 3, 41), (2, 1, 2), (2, 1, 5), (2, 1, 10), (2, 1, 13), (2, 1, 18), (2, 1, 21), (2, 1, 26), (2, 1, 29), (2, 1, 34), (2, 1, 37), (2, 1, 42), (2, 1, 44), (2, 2, 7), (2, 2, 15), (2, 2, 23), (2, 2, 31), (2, 2, 39), (2, 3, 2), (2, 3, 4), (2, 3, 9), (2, 3, 12), (2, 3, 17), (2, 3, 20), (2, 3, 25), (2, 3, 28), (2, 3, 33), (2, 3, 36), (2, 3, 41), (2, 3, 44)]
The domination number is: 57

The minimum dominating set of a 2 x 3 x 46 grid graph is: 
[(1, 1, 3), (1, 1, 8), (1, 1, 11), (1, 1, 16), (1, 1, 19), (1, 1, 23), (1, 1, 26), (1, 1, 31), (1, 1, 34), (1, 1, 39), (1, 1, 42), (1, 2, 6), (1, 2, 14), (1, 2, 22), (1, 2, 28), (1, 2, 36), (1, 2, 44), (1, 2, 46), (1, 3, 1), (1, 3, 4), (1, 3, 9), (1, 3, 12), (1, 3, 17), (1, 3, 20), (1, 3, 25), (1, 3, 30), (1, 3, 33), (1, 3, 38), (1, 3, 41), (2, 1, 1), (2, 1, 5), (2, 1, 8), (2, 1, 13), (2, 1, 16), (2, 1, 21), (2, 1, 26), (2, 1, 29), (2, 1, 34), (2, 1, 37), (2, 1, 42), (2, 1, 45), (2, 2, 2), (2, 2, 10), (2, 2, 18), (2, 2, 24), (2, 2, 32), (2, 2, 40), (2, 3, 4), (2, 3, 7), (2, 3, 12), (2, 3, 15), (2, 3, 20), (2, 3, 23), (2, 3, 27), (2, 3, 30), (2, 3, 35), (2, 3, 38), (2, 3, 43), (2, 3, 45)]
The domination number is: 59

The minimum dominating set of a 2 x 3 x 47 grid graph is: 
[(1, 1, 6), (1, 1, 9), (1, 1, 14), (1, 1, 17), (1, 1, 22), (1, 1, 25), (1, 1, 30), (1, 1, 33), (1, 1, 38), (1, 1, 41), (1, 1, 46), (1, 2, 1), (1, 2, 3), (1, 2, 11), (1, 2, 19), (1, 2, 27), (1, 2, 35), (1, 2, 43), (1, 3, 5), (1, 3, 8), (1, 3, 13), (1, 3, 16), (1, 3, 21), (1, 3, 24), (1, 3, 29), (1, 3, 32), (1, 3, 37), (1, 3, 40), (1, 3, 44), (1, 3, 46), (2, 1, 2), (2, 1, 4), (2, 1, 9), (2, 1, 12), (2, 1, 17), (2, 1, 20), (2, 1, 25), (2, 1, 28), (2, 1, 33), (2, 1, 36), (2, 1, 41), (2, 1, 44), (2, 2, 7), (2, 2, 15), (2, 2, 23), (2, 2, 31), (2, 2, 39), (2, 2, 45), (2, 2, 47), (2, 3, 2), (2, 3, 5), (2, 3, 10), (2, 3, 13), (2, 3, 18), (2, 3, 21), (2, 3, 26), (2, 3, 29), (2, 3, 34), (2, 3, 37), (2, 3, 42)]
The domination number is: 60

The minimum dominating set of a 2 x 3 x 48 grid graph is: 
[(1, 1, 5), (1, 1, 8), (1, 1, 13), (1, 1, 16), (1, 1, 21), (1, 1, 24), (1, 1, 29), (1, 1, 32), (1, 1, 37), (1, 1, 40), (1, 2, 1), (1, 2, 3), (1, 2, 11), (1, 2, 19), (1, 2, 27), (1, 2, 35), (1, 2, 43), (1, 2, 45), (1, 2, 46), (1, 2, 48), (1, 3, 6), (1, 3, 9), (1, 3, 14), (1, 3, 17), (1, 3, 22), (1, 3, 25), (1, 3, 30), (1, 3, 33), (1, 3, 38), (1, 3, 41), (2, 1, 2), (2, 1, 5), (2, 1, 10), (2, 1, 13), (2, 1, 18), (2, 1, 21), (2, 1, 26), (2, 1, 29), (2, 1, 34), (2, 1, 37), (2, 1, 42), (2, 1, 44), (2, 1, 47), (2, 2, 7), (2, 2, 15), (2, 2, 23), (2, 2, 31), (2, 2, 39), (2, 3, 2), (2, 3, 4), (2, 3, 9), (2, 3, 12), (2, 3, 17), (2, 3, 20), (2, 3, 25), (2, 3, 28), (2, 3, 33), (2, 3, 36), (2, 3, 41), (2, 3, 44), (2, 3, 47)]
The domination number is: 61

The minimum dominating set of a 2 x 3 x 49 grid graph is: 
[(1, 1, 2), (1, 1, 5), (1, 1, 10), (1, 1, 13), (1, 1, 18), (1, 1, 21), (1, 1, 26), (1, 1, 29), (1, 1, 34), (1, 1, 37), (1, 1, 42), (1, 1, 45), (1, 2, 7), (1, 2, 15), (1, 2, 23), (1, 2, 31), (1, 2, 39), (1, 2, 47), (1, 2, 49), (1, 3, 2), (1, 3, 4), (1, 3, 9), (1, 3, 12), (1, 3, 17), (1, 3, 20), (1, 3, 25), (1, 3, 28), (1, 3, 33), (1, 3, 36), (1, 3, 41), (1, 3, 44), (2, 1, 5), (2, 1, 8), (2, 1, 13), (2, 1, 16), (2, 1, 21), (2, 1, 24), (2, 1, 29), (2, 1, 32), (2, 1, 37), (2, 1, 40), (2, 1, 45), (2, 1, 48), (2, 2, 1), (2, 2, 3), (2, 2, 11), (2, 2, 19), (2, 2, 27), (2, 2, 35), (2, 2, 43), (2, 3, 6), (2, 3, 9), (2, 3, 14), (2, 3, 17), (2, 3, 22), (2, 3, 25), (2, 3, 30), (2, 3, 33), (2, 3, 38), (2, 3, 41), (2, 3, 46), (2, 3, 48)]
The domination number is: 62

The minimum dominating set of a 2 x 3 x 50 grid graph is: 
[(1, 1, 4), (1, 1, 7), (1, 1, 12), (1, 1, 15), (1, 1, 19), (1, 1, 22), (1, 1, 27), (1, 1, 30), (1, 1, 35), (1, 1, 38), (1, 1, 43), (1, 1, 46), (1, 2, 2), (1, 2, 10), (1, 2, 16), (1, 2, 24), (1, 2, 32), (1, 2, 40), (1, 2, 48), (1, 2, 50), (1, 3, 5), (1, 3, 8), (1, 3, 13), (1, 3, 18), (1, 3, 21), (1, 3, 26), (1, 3, 29), (1, 3, 34), (1, 3, 37), (1, 3, 42), (1, 3, 45), (2, 1, 1), (2, 1, 4), (2, 1, 9), (2, 1, 12), (2, 1, 17), (2, 1, 22), (2, 1, 25), (2, 1, 30), (2, 1, 33), (2, 1, 38), (2, 1, 41), (2, 1, 46), (2, 1, 49), (2, 2, 6), (2, 2, 14), (2, 2, 20), (2, 2, 28), (2, 2, 36), (2, 2, 44), (2, 3, 1), (2, 3, 3), (2, 3, 8), (2, 3, 11), (2, 3, 15), (2, 3, 18), (2, 3, 23), (2, 3, 26), (2, 3, 31), (2, 3, 34), (2, 3, 39), (2, 3, 42), (2, 3, 47), (2, 3, 49)]
The domination number is: 64

