The minimum dominating set of a 2 x 7 x 2 grid graph is: 
[(1, 1, 1), (1, 3, 1), (1, 5, 2), (1, 6, 1), (2, 2, 2), (2, 4, 1), (2, 7, 2)]
The domination number is: 7

The minimum dominating set of a 2 x 7 x 3 grid graph is: 
[(1, 1, 3), (1, 2, 2), (1, 4, 1), (1, 5, 3), (1, 7, 1), (2, 1, 1), (2, 3, 3), (2, 4, 1), (2, 6, 2), (2, 7, 3)]
The domination number is: 10

The minimum dominating set of a 2 x 7 x 4 grid graph is: 
[(1, 1, 2), (1, 2, 4), (1, 4, 1), (1, 4, 2), (1, 6, 4), (1, 7, 2), (2, 1, 4), (2, 2, 1), (2, 3, 3), (2, 4, 4), (2, 5, 3), (2, 6, 1), (2, 7, 4)]
The domination number is: 13

The minimum dominating set of a 2 x 7 x 5 grid graph is: 
[(1, 1, 4), (1, 2, 1), (1, 3, 3), (1, 4, 5), (1, 5, 2), (1, 6, 5), (1, 7, 1), (1, 7, 3), (2, 1, 2), (2, 2, 5), (2, 3, 3), (2, 4, 1), (2, 5, 4), (2, 6, 2), (2, 7, 4)]
The domination number is: 15

The minimum dominating set of a 2 x 7 x 6 grid graph is: 
[(1, 1, 2), (1, 2, 5), (1, 3, 3), (1, 4, 1), (1, 4, 6), (1, 5, 4), (1, 6, 2), (1, 7, 5), (2, 1, 4), (2, 1, 6), (2, 2, 1), (2, 3, 3), (2, 3, 5), (2, 5, 2), (2, 5, 4), (2, 6, 6), (2, 7, 1), (2, 7, 3)]
The domination number is: 18

The minimum dominating set of a 2 x 7 x 7 grid graph is: 
[(1, 1, 2), (1, 2, 5), (1, 2, 7), (1, 3, 3), (1, 4, 1), (1, 4, 4), (1, 4, 7), (1, 6, 3), (1, 6, 6), (1, 7, 2), (1, 7, 6), (2, 1, 4), (2, 1, 6), (2, 2, 1), (2, 3, 3), (2, 3, 6), (2, 5, 2), (2, 5, 5), (2, 6, 1), (2, 6, 7), (2, 7, 4)]
The domination number is: 21

The minimum dominating set of a 2 x 7 x 8 grid graph is: 
[(1, 1, 2), (1, 2, 5), (1, 2, 6), (1, 2, 8), (1, 3, 3), (1, 4, 1), (1, 4, 8), (1, 5, 4), (1, 5, 6), (1, 7, 2), (1, 7, 5), (1, 7, 8), (2, 1, 4), (2, 1, 7), (2, 2, 1), (2, 3, 3), (2, 3, 7), (2, 4, 5), (2, 5, 2), (2, 6, 1), (2, 6, 3), (2, 6, 7), (2, 6, 8), (2, 7, 5)]
The domination number is: 24

The minimum dominating set of a 2 x 7 x 9 grid graph is: 
[(1, 1, 2), (1, 1, 8), (1, 2, 5), (1, 3, 3), (1, 3, 7), (1, 4, 1), (1, 4, 9), (1, 5, 4), (1, 5, 6), (1, 6, 2), (1, 6, 8), (1, 7, 5), (2, 1, 4), (2, 1, 6), (2, 2, 1), (2, 2, 9), (2, 3, 3), (2, 3, 7), (2, 4, 5), (2, 5, 2), (2, 5, 8), (2, 6, 5), (2, 7, 1), (2, 7, 3), (2, 7, 7), (2, 7, 9)]
The domination number is: 26

The minimum dominating set of a 2 x 7 x 10 grid graph is: 
[(1, 1, 3), (1, 1, 6), (1, 2, 8), (1, 2, 10), (1, 3, 1), (1, 3, 5), (1, 3, 9), (1, 4, 3), (1, 4, 6), (1, 5, 8), (1, 6, 2), (1, 6, 4), (1, 6, 10), (1, 7, 1), (1, 7, 7), (2, 1, 1), (2, 1, 6), (2, 1, 9), (2, 2, 2), (2, 2, 4), (2, 3, 7), (2, 4, 3), (2, 4, 10), (2, 5, 1), (2, 5, 5), (2, 5, 8), (2, 6, 6), (2, 7, 3), (2, 7, 5), (2, 7, 9)]
The domination number is: 30

The minimum dominating set of a 2 x 7 x 11 grid graph is: 
[(1, 1, 2), (1, 1, 4), (1, 1, 5), (1, 1, 10), (1, 2, 7), (1, 3, 2), (1, 3, 5), (1, 3, 9), (1, 4, 11), (1, 5, 3), (1, 5, 6), (1, 5, 8), (1, 6, 1), (1, 7, 4), (1, 7, 7), (1, 7, 10), (2, 1, 8), (2, 2, 1), (2, 2, 3), (2, 2, 6), (2, 2, 11), (2, 3, 9), (2, 4, 1), (2, 4, 4), (2, 4, 7), (2, 5, 3), (2, 5, 10), (2, 6, 5), (2, 6, 9), (2, 6, 11), (2, 7, 2), (2, 7, 7)]
The domination number is: 32

The minimum dominating set of a 2 x 7 x 12 grid graph is: 
[(1, 1, 8), (1, 2, 1), (1, 2, 3), (1, 2, 4), (1, 2, 6), (1, 2, 10), (1, 2, 12), (1, 3, 2), (1, 3, 11), (1, 4, 5), (1, 4, 8), (1, 5, 3), (1, 5, 10), (1, 6, 1), (1, 6, 7), (1, 6, 12), (1, 7, 4), (1, 7, 9), (2, 1, 2), (2, 1, 5), (2, 1, 8), (2, 1, 11), (2, 3, 4), (2, 3, 7), (2, 3, 9), (2, 4, 1), (2, 4, 12), (2, 5, 3), (2, 5, 6), (2, 5, 10), (2, 6, 5), (2, 6, 8), (2, 7, 2), (2, 7, 6), (2, 7, 11)]
The domination number is: 35

The minimum dominating set of a 2 x 7 x 13 grid graph is: 
[(1, 1, 5), (1, 1, 12), (1, 2, 1), (1, 2, 3), (1, 2, 7), (1, 2, 9), (1, 3, 2), (1, 3, 8), (1, 3, 11), (1, 4, 5), (1, 4, 13), (1, 5, 3), (1, 5, 7), (1, 5, 10), (1, 6, 1), (1, 6, 9), (1, 6, 11), (1, 7, 4), (1, 7, 6), (1, 7, 12), (2, 1, 2), (2, 1, 5), (2, 1, 8), (2, 1, 10), (2, 2, 13), (2, 3, 4), (2, 3, 6), (2, 3, 11), (2, 4, 1), (2, 4, 9), (2, 5, 3), (2, 5, 7), (2, 5, 12), (2, 6, 5), (2, 6, 13), (2, 7, 2), (2, 7, 8), (2, 7, 10)]
The domination number is: 38

The minimum dominating set of a 2 x 7 x 14 grid graph is: 
[(1, 1, 4), (1, 1, 9), (1, 1, 13), (1, 2, 1), (1, 2, 6), (1, 2, 11), (1, 3, 2), (1, 3, 8), (1, 4, 4), (1, 4, 10), (1, 4, 13), (1, 4, 14), (1, 5, 6), (1, 6, 1), (1, 6, 2), (1, 6, 9), (1, 6, 11), (1, 7, 4), (1, 7, 7), (1, 7, 13), (2, 1, 2), (2, 1, 6), (2, 1, 7), (2, 1, 11), (2, 2, 3), (2, 2, 9), (2, 2, 14), (2, 3, 5), (2, 3, 12), (2, 4, 1), (2, 4, 7), (2, 4, 10), (2, 5, 3), (2, 5, 8), (2, 5, 12), (2, 6, 5), (2, 6, 12), (2, 6, 14), (2, 7, 2), (2, 7, 7), (2, 7, 10)]
The domination number is: 41

The minimum dominating set of a 2 x 7 x 15 grid graph is: 
[(1, 1, 4), (1, 1, 6), (1, 1, 11), (1, 2, 1), (1, 2, 6), (1, 2, 9), (1, 2, 13), (1, 2, 15), (1, 3, 3), (1, 3, 14), (1, 4, 5), (1, 4, 8), (1, 4, 11), (1, 5, 2), (1, 5, 9), (1, 5, 13), (1, 6, 1), (1, 6, 3), (1, 6, 7), (1, 6, 15), (1, 7, 5), (1, 7, 10), (1, 7, 12), (2, 1, 2), (2, 1, 8), (2, 1, 11), (2, 1, 14), (2, 2, 5), (2, 3, 3), (2, 3, 7), (2, 3, 10), (2, 3, 12), (2, 4, 1), (2, 4, 15), (2, 5, 4), (2, 5, 6), (2, 5, 9), (2, 5, 13), (2, 6, 11), (2, 7, 2), (2, 7, 5), (2, 7, 8), (2, 7, 14)]
The domination number is: 43

The minimum dominating set of a 2 x 7 x 16 grid graph is: 
[(1, 1, 2), (1, 1, 5), (1, 1, 8), (1, 1, 9), (1, 1, 12), (1, 1, 15), (1, 3, 4), (1, 3, 6), (1, 3, 11), (1, 3, 13), (1, 4, 1), (1, 4, 8), (1, 4, 16), (1, 5, 3), (1, 5, 10), (1, 5, 14), (1, 6, 5), (1, 6, 6), (1, 6, 12), (1, 7, 2), (1, 7, 9), (1, 7, 15), (2, 1, 5), (2, 1, 12), (2, 2, 1), (2, 2, 3), (2, 2, 7), (2, 2, 10), (2, 2, 14), (2, 2, 16), (2, 3, 2), (2, 3, 9), (2, 3, 15), (2, 4, 5), (2, 4, 12), (2, 5, 3), (2, 5, 7), (2, 5, 10), (2, 5, 14), (2, 6, 1), (2, 6, 8), (2, 6, 16), (2, 7, 4), (2, 7, 7), (2, 7, 11), (2, 7, 13)]
The domination number is: 46

The minimum dominating set of a 2 x 7 x 17 grid graph is: 
[(1, 1, 2), (1, 1, 5), (1, 1, 8), (1, 1, 13), (1, 2, 11), (1, 2, 15), (1, 2, 17), (1, 3, 4), (1, 3, 6), (1, 3, 9), (1, 3, 16), (1, 4, 1), (1, 4, 7), (1, 4, 13), (1, 5, 3), (1, 5, 11), (1, 5, 15), (1, 6, 5), (1, 6, 9), (1, 6, 17), (1, 7, 2), (1, 7, 7), (1, 7, 12), (1, 7, 14), (2, 1, 5), (2, 1, 10), (2, 1, 13), (2, 1, 16), (2, 2, 1), (2, 2, 3), (2, 2, 7), (2, 3, 2), (2, 3, 9), (2, 3, 12), (2, 3, 14), (2, 4, 5), (2, 4, 10), (2, 4, 17), (2, 5, 3), (2, 5, 6), (2, 5, 8), (2, 5, 11), (2, 5, 15), (2, 6, 1), (2, 6, 13), (2, 7, 4), (2, 7, 7), (2, 7, 10), (2, 7, 16)]
The domination number is: 49

The minimum dominating set of a 2 x 7 x 18 grid graph is: 
[(1, 1, 4), (1, 1, 7), (1, 1, 8), (1, 1, 11), (1, 1, 15), (1, 2, 1), (1, 2, 13), (1, 2, 15), (1, 2, 18), (1, 3, 3), (1, 3, 7), (1, 3, 10), (1, 4, 5), (1, 4, 14), (1, 4, 17), (1, 5, 2), (1, 5, 9), (1, 5, 12), (1, 6, 1), (1, 6, 3), (1, 6, 7), (1, 6, 15), (1, 6, 18), (1, 7, 5), (1, 7, 9), (1, 7, 11), (1, 7, 15), (2, 1, 2), (2, 1, 11), (2, 1, 14), (2, 1, 17), (2, 2, 5), (2, 2, 6), (2, 2, 9), (2, 3, 3), (2, 3, 12), (2, 3, 16), (2, 4, 1), (2, 4, 8), (2, 4, 11), (2, 4, 14), (2, 4, 18), (2, 5, 4), (2, 5, 6), (2, 5, 16), (2, 6, 10), (2, 6, 13), (2, 7, 2), (2, 7, 5), (2, 7, 8), (2, 7, 13), (2, 7, 17)]
The domination number is: 52

The minimum dominating set of a 2 x 7 x 19 grid graph is: 
[(1, 1, 2), (1, 1, 5), (1, 1, 8), (1, 1, 12), (1, 1, 15), (1, 1, 18), (1, 2, 10), (1, 3, 4), (1, 3, 6), (1, 3, 14), (1, 3, 16), (1, 4, 1), (1, 4, 8), (1, 4, 12), (1, 4, 19), (1, 5, 3), (1, 5, 10), (1, 5, 17), (1, 6, 5), (1, 6, 6), (1, 6, 12), (1, 6, 14), (1, 6, 15), (1, 7, 2), (1, 7, 9), (1, 7, 18), (2, 1, 5), (2, 1, 10), (2, 1, 15), (2, 2, 1), (2, 2, 3), (2, 2, 7), (2, 2, 13), (2, 2, 17), (2, 2, 19), (2, 3, 2), (2, 3, 9), (2, 3, 11), (2, 3, 18), (2, 4, 5), (2, 4, 15), (2, 5, 3), (2, 5, 7), (2, 5, 10), (2, 5, 13), (2, 5, 17), (2, 6, 1), (2, 6, 8), (2, 6, 19), (2, 7, 4), (2, 7, 7), (2, 7, 11), (2, 7, 13), (2, 7, 16)]
The domination number is: 54

The minimum dominating set of a 2 x 7 x 20 grid graph is: 
[(1, 1, 2), (1, 1, 7), (1, 1, 9), (1, 1, 15), (1, 1, 17), (1, 2, 5), (1, 2, 12), (1, 2, 20), (1, 3, 3), (1, 3, 7), (1, 3, 10), (1, 3, 14), (1, 3, 18), (1, 4, 1), (1, 4, 16), (1, 5, 4), (1, 5, 6), (1, 5, 9), (1, 5, 11), (1, 5, 13), (1, 5, 19), (1, 6, 16), (1, 7, 2), (1, 7, 5), (1, 7, 8), (1, 7, 12), (1, 7, 14), (1, 7, 18), (1, 7, 20), (2, 1, 4), (2, 1, 11), (2, 1, 13), (2, 1, 19), (2, 2, 1), (2, 2, 6), (2, 2, 8), (2, 2, 16), (2, 3, 3), (2, 3, 10), (2, 3, 14), (2, 3, 18), (2, 4, 5), (2, 4, 8), (2, 4, 12), (2, 4, 20), (2, 5, 2), (2, 5, 15), (2, 5, 17), (2, 6, 1), (2, 6, 3), (2, 6, 7), (2, 6, 10), (2, 6, 13), (2, 6, 19), (2, 7, 5), (2, 7, 10), (2, 7, 16)]
The domination number is: 57

The minimum dominating set of a 2 x 7 x 21 grid graph is: 
[(1, 1, 2), (1, 1, 5), (1, 1, 8), (1, 1, 12), (1, 1, 17), (1, 2, 10), (1, 2, 15), (1, 2, 19), (1, 2, 21), (1, 3, 4), (1, 3, 6), (1, 3, 11), (1, 3, 13), (1, 3, 20), (1, 4, 1), (1, 4, 8), (1, 4, 11), (1, 4, 17), (1, 5, 3), (1, 5, 15), (1, 5, 19), (1, 6, 5), (1, 6, 6), (1, 6, 9), (1, 6, 13), (1, 6, 21), (1, 7, 2), (1, 7, 6), (1, 7, 11), (1, 7, 15), (1, 7, 18), (2, 1, 5), (2, 1, 10), (2, 1, 14), (2, 1, 17), (2, 1, 20), (2, 2, 1), (2, 2, 3), (2, 2, 7), (2, 2, 12), (2, 3, 2), (2, 3, 9), (2, 3, 16), (2, 3, 18), (2, 4, 5), (2, 4, 14), (2, 4, 21), (2, 5, 3), (2, 5, 7), (2, 5, 10), (2, 5, 12), (2, 5, 19), (2, 6, 1), (2, 6, 16), (2, 6, 17), (2, 7, 4), (2, 7, 8), (2, 7, 11), (2, 7, 14), (2, 7, 20)]
The domination number is: 60

