The minimum dominating set of a 3 x 5 x 2 grid graph is: 
[(1, 1, 2), (1, 4, 2), (2, 2, 1), (2, 3, 1), (2, 5, 1), (3, 1, 2), (3, 4, 2)]
The domination number is: 7

The minimum dominating set of a 3 x 5 x 3 grid graph is: 
[(1, 2, 2), (1, 5, 2), (2, 1, 1), (2, 1, 3), (2, 3, 1), (2, 3, 3), (2, 4, 1), (2, 4, 3), (3, 2, 2), (3, 5, 2)]
The domination number is: 10

The minimum dominating set of a 3 x 5 x 4 grid graph is: 
[(1, 1, 2), (1, 3, 4), (1, 4, 2), (2, 1, 4), (2, 2, 1), (2, 2, 3), (2, 3, 1), (2, 5, 1), (2, 5, 3), (2, 5, 4), (3, 1, 2), (3, 3, 4), (3, 4, 2)]
The domination number is: 13

The minimum dominating set of a 3 x 5 x 5 grid graph is: 
[(1, 1, 4), (1, 2, 1), (1, 3, 3), (1, 4, 5), (1, 5, 2), (2, 1, 2), (2, 2, 5), (2, 3, 3), (2, 4, 1), (2, 5, 4), (3, 1, 4), (3, 2, 1), (3, 3, 3), (3, 4, 5), (3, 5, 2)]
The domination number is: 15

The minimum dominating set of a 3 x 5 x 6 grid graph is: 
[(1, 1, 5), (1, 2, 1), (1, 3, 3), (1, 4, 5), (1, 5, 2), (2, 1, 2), (2, 1, 3), (2, 2, 4), (2, 2, 6), (2, 3, 3), (2, 3, 6), (2, 4, 1), (2, 5, 4), (2, 5, 6), (3, 1, 5), (3, 2, 1), (3, 3, 3), (3, 4, 5), (3, 5, 2)]
The domination number is: 19

The minimum dominating set of a 3 x 5 x 7 grid graph is: 
[(1, 1, 2), (1, 1, 7), (1, 2, 2), (1, 2, 5), (1, 4, 3), (1, 4, 6), (1, 5, 1), (1, 5, 6), (2, 1, 4), (2, 3, 1), (2, 3, 4), (2, 3, 7), (2, 5, 4), (3, 1, 1), (3, 1, 6), (3, 2, 3), (3, 2, 6), (3, 4, 2), (3, 4, 5), (3, 5, 2), (3, 5, 7)]
The domination number is: 21

The minimum dominating set of a 3 x 5 x 8 grid graph is: 
[(1, 1, 2), (1, 1, 5), (1, 1, 8), (1, 3, 1), (1, 3, 4), (1, 3, 7), (1, 5, 2), (1, 5, 5), (1, 5, 8), (2, 2, 3), (2, 2, 6), (2, 3, 1), (2, 3, 8), (2, 4, 3), (2, 4, 6), (3, 1, 1), (3, 1, 4), (3, 1, 7), (3, 3, 2), (3, 3, 5), (3, 3, 8), (3, 5, 1), (3, 5, 4), (3, 5, 7)]
The domination number is: 24

The minimum dominating set of a 3 x 5 x 9 grid graph is: 
[(1, 1, 2), (1, 1, 5), (1, 2, 8), (1, 2, 9), (1, 3, 4), (1, 3, 6), (1, 4, 1), (1, 4, 2), (1, 5, 5), (1, 5, 8), (2, 1, 7), (2, 2, 1), (2, 2, 3), (2, 3, 5), (2, 4, 7), (2, 4, 9), (2, 5, 3), (3, 1, 1), (3, 1, 4), (3, 1, 9), (3, 2, 6), (3, 3, 2), (3, 3, 8), (3, 4, 4), (3, 5, 1), (3, 5, 6), (3, 5, 8)]
The domination number is: 27

The minimum dominating set of a 3 x 5 x 10 grid graph is: 
[(1, 1, 2), (1, 1, 9), (1, 2, 5), (1, 2, 6), (1, 3, 3), (1, 3, 8), (1, 4, 1), (1, 4, 10), (1, 5, 4), (1, 5, 7), (2, 1, 4), (2, 1, 7), (2, 2, 1), (2, 2, 10), (2, 3, 3), (2, 3, 8), (2, 4, 5), (2, 4, 6), (2, 5, 2), (2, 5, 9), (3, 1, 2), (3, 1, 9), (3, 2, 5), (3, 2, 6), (3, 3, 3), (3, 3, 8), (3, 4, 1), (3, 4, 10), (3, 5, 4), (3, 5, 7)]
The domination number is: 30

The minimum dominating set of a 3 x 5 x 11 grid graph is: 
[(1, 1, 2), (1, 1, 5), (1, 1, 8), (1, 1, 11), (1, 3, 1), (1, 3, 4), (1, 3, 7), (1, 3, 10), (1, 5, 2), (1, 5, 5), (1, 5, 8), (1, 5, 11), (2, 2, 3), (2, 2, 6), (2, 2, 9), (2, 3, 1), (2, 3, 11), (2, 4, 3), (2, 4, 6), (2, 4, 9), (3, 1, 1), (3, 1, 4), (3, 1, 7), (3, 1, 10), (3, 3, 2), (3, 3, 5), (3, 3, 8), (3, 3, 11), (3, 5, 1), (3, 5, 4), (3, 5, 7), (3, 5, 10)]
The domination number is: 32

The minimum dominating set of a 3 x 5 x 12 grid graph is: 
[(1, 1, 1), (1, 1, 6), (1, 1, 9), (1, 2, 4), (1, 2, 12), (1, 3, 2), (1, 3, 8), (1, 3, 10), (1, 4, 6), (1, 5, 2), (1, 5, 4), (1, 5, 9), (1, 5, 12), (2, 1, 3), (2, 1, 11), (2, 2, 7), (2, 2, 9), (2, 3, 5), (2, 4, 1), (2, 4, 3), (2, 4, 11), (2, 5, 7), (2, 5, 9), (3, 1, 5), (3, 1, 8), (3, 1, 11), (3, 2, 1), (3, 2, 2), (3, 3, 4), (3, 3, 6), (3, 3, 10), (3, 3, 12), (3, 4, 8), (3, 5, 2), (3, 5, 5), (3, 5, 11)]
The domination number is: 36

The minimum dominating set of a 3 x 5 x 13 grid graph is: 
[(1, 1, 2), (1, 1, 4), (1, 1, 9), (1, 1, 12), (1, 2, 6), (1, 3, 2), (1, 3, 8), (1, 3, 10), (1, 4, 4), (1, 4, 12), (1, 4, 13), (1, 5, 1), (1, 5, 6), (1, 5, 9), (2, 1, 7), (2, 2, 1), (2, 2, 3), (2, 2, 11), (2, 2, 13), (2, 3, 5), (2, 3, 9), (2, 4, 7), (2, 5, 3), (2, 5, 11), (3, 1, 2), (3, 1, 5), (3, 1, 10), (3, 1, 13), (3, 2, 8), (3, 3, 4), (3, 3, 6), (3, 3, 12), (3, 4, 1), (3, 4, 2), (3, 4, 10), (3, 5, 5), (3, 5, 8), (3, 5, 13)]
The domination number is: 38

The minimum dominating set of a 3 x 5 x 14 grid graph is: 
[(1, 1, 2), (1, 1, 5), (1, 1, 8), (1, 1, 11), (1, 1, 14), (1, 3, 1), (1, 3, 4), (1, 3, 7), (1, 3, 10), (1, 3, 13), (1, 5, 2), (1, 5, 5), (1, 5, 8), (1, 5, 11), (1, 5, 14), (2, 2, 3), (2, 2, 6), (2, 2, 9), (2, 2, 12), (2, 3, 1), (2, 3, 14), (2, 4, 3), (2, 4, 6), (2, 4, 9), (2, 4, 12), (3, 1, 1), (3, 1, 4), (3, 1, 7), (3, 1, 10), (3, 1, 13), (3, 3, 2), (3, 3, 5), (3, 3, 8), (3, 3, 11), (3, 3, 14), (3, 5, 1), (3, 5, 4), (3, 5, 7), (3, 5, 10), (3, 5, 13)]
The domination number is: 40

The minimum dominating set of a 3 x 5 x 15 grid graph is: 
[(1, 1, 3), (1, 1, 6), (1, 1, 11), (1, 1, 14), (1, 2, 1), (1, 2, 9), (1, 3, 5), (1, 3, 7), (1, 3, 13), (1, 4, 3), (1, 4, 11), (1, 4, 15), (1, 5, 1), (1, 5, 6), (1, 5, 9), (1, 5, 14), (2, 1, 8), (2, 2, 1), (2, 2, 4), (2, 2, 12), (2, 2, 15), (2, 3, 2), (2, 3, 6), (2, 3, 10), (2, 3, 14), (2, 4, 8), (2, 5, 4), (2, 5, 12), (3, 1, 2), (3, 1, 5), (3, 1, 10), (3, 1, 13), (3, 2, 7), (3, 2, 15), (3, 3, 3), (3, 3, 9), (3, 3, 11), (3, 4, 1), (3, 4, 5), (3, 4, 13), (3, 5, 2), (3, 5, 7), (3, 5, 10), (3, 5, 15)]
The domination number is: 44

The minimum dominating set of a 3 x 5 x 16 grid graph is: 
[(1, 1, 4), (1, 1, 6), (1, 1, 9), (1, 1, 12), (1, 1, 15), (1, 2, 1), (1, 3, 3), (1, 3, 7), (1, 3, 10), (1, 3, 13), (1, 3, 16), (1, 4, 5), (1, 5, 2), (1, 5, 6), (1, 5, 9), (1, 5, 12), (1, 5, 15), (2, 1, 2), (2, 2, 5), (2, 2, 8), (2, 2, 11), (2, 2, 14), (2, 3, 3), (2, 3, 6), (2, 3, 16), (2, 4, 1), (2, 4, 8), (2, 4, 11), (2, 4, 14), (2, 5, 4), (3, 1, 4), (3, 1, 7), (3, 1, 10), (3, 1, 13), (3, 1, 16), (3, 2, 1), (3, 3, 3), (3, 3, 6), (3, 3, 9), (3, 3, 12), (3, 3, 15), (3, 4, 5), (3, 5, 2), (3, 5, 7), (3, 5, 10), (3, 5, 13), (3, 5, 16)]
The domination number is: 47

The minimum dominating set of a 3 x 5 x 17 grid graph is: 
[(1, 1, 2), (1, 1, 5), (1, 1, 8), (1, 1, 11), (1, 1, 14), (1, 1, 17), (1, 3, 1), (1, 3, 4), (1, 3, 7), (1, 3, 10), (1, 3, 13), (1, 3, 16), (1, 5, 2), (1, 5, 5), (1, 5, 8), (1, 5, 11), (1, 5, 14), (1, 5, 17), (2, 2, 3), (2, 2, 6), (2, 2, 9), (2, 2, 12), (2, 2, 15), (2, 3, 1), (2, 3, 17), (2, 4, 3), (2, 4, 6), (2, 4, 9), (2, 4, 12), (2, 4, 15), (3, 1, 1), (3, 1, 4), (3, 1, 7), (3, 1, 10), (3, 1, 13), (3, 1, 16), (3, 3, 2), (3, 3, 5), (3, 3, 8), (3, 3, 11), (3, 3, 14), (3, 3, 17), (3, 5, 1), (3, 5, 4), (3, 5, 7), (3, 5, 10), (3, 5, 13), (3, 5, 16)]
The domination number is: 48

The minimum dominating set of a 3 x 5 x 18 grid graph is: 
[(1, 1, 2), (1, 1, 5), (1, 1, 8), (1, 1, 11), (1, 1, 14), (1, 1, 17), (1, 2, 1), (1, 3, 3), (1, 3, 6), (1, 3, 9), (1, 3, 12), (1, 3, 15), (1, 3, 18), (1, 5, 2), (1, 5, 5), (1, 5, 8), (1, 5, 11), (1, 5, 14), (1, 5, 17), (2, 1, 2), (2, 2, 4), (2, 2, 7), (2, 2, 10), (2, 2, 13), (2, 2, 16), (2, 3, 18), (2, 4, 1), (2, 4, 4), (2, 4, 7), (2, 4, 10), (2, 4, 13), (2, 4, 16), (3, 1, 1), (3, 1, 3), (3, 1, 6), (3, 1, 9), (3, 1, 12), (3, 1, 15), (3, 1, 18), (3, 3, 2), (3, 3, 5), (3, 3, 8), (3, 3, 11), (3, 3, 14), (3, 3, 17), (3, 5, 1), (3, 5, 3), (3, 5, 6), (3, 5, 9), (3, 5, 12), (3, 5, 15), (3, 5, 18)]
The domination number is: 52

The minimum dominating set of a 3 x 5 x 19 grid graph is: 
[(1, 1, 2), (1, 1, 5), (1, 1, 8), (1, 1, 11), (1, 1, 14), (1, 1, 18), (1, 2, 14), (1, 2, 18), (1, 3, 1), (1, 3, 4), (1, 3, 7), (1, 3, 10), (1, 3, 13), (1, 3, 16), (1, 4, 19), (1, 5, 2), (1, 5, 5), (1, 5, 8), (1, 5, 11), (1, 5, 14), (1, 5, 17), (2, 1, 16), (2, 2, 3), (2, 2, 6), (2, 2, 9), (2, 2, 12), (2, 2, 19), (2, 3, 1), (2, 3, 17), (2, 4, 3), (2, 4, 6), (2, 4, 9), (2, 4, 12), (2, 4, 15), (2, 5, 18), (3, 1, 1), (3, 1, 4), (3, 1, 7), (3, 1, 10), (3, 1, 13), (3, 1, 18), (3, 2, 15), (3, 3, 2), (3, 3, 5), (3, 3, 8), (3, 3, 11), (3, 3, 14), (3, 3, 17), (3, 4, 19), (3, 5, 1), (3, 5, 4), (3, 5, 7), (3, 5, 10), (3, 5, 13), (3, 5, 16)]
The domination number is: 55

The minimum dominating set of a 3 x 5 x 20 grid graph is: 
[(1, 1, 1), (1, 1, 4), (1, 1, 7), (1, 1, 10), (1, 1, 13), (1, 1, 16), (1, 1, 19), (1, 3, 2), (1, 3, 5), (1, 3, 8), (1, 3, 11), (1, 3, 14), (1, 3, 17), (1, 3, 20), (1, 5, 1), (1, 5, 4), (1, 5, 7), (1, 5, 10), (1, 5, 13), (1, 5, 16), (1, 5, 19), (2, 2, 3), (2, 2, 6), (2, 2, 9), (2, 2, 12), (2, 2, 15), (2, 2, 18), (2, 3, 1), (2, 3, 20), (2, 4, 3), (2, 4, 6), (2, 4, 9), (2, 4, 12), (2, 4, 15), (2, 4, 18), (3, 1, 2), (3, 1, 5), (3, 1, 8), (3, 1, 11), (3, 1, 14), (3, 1, 17), (3, 1, 20), (3, 3, 1), (3, 3, 4), (3, 3, 7), (3, 3, 10), (3, 3, 13), (3, 3, 16), (3, 3, 19), (3, 5, 2), (3, 5, 5), (3, 5, 8), (3, 5, 11), (3, 5, 14), (3, 5, 17), (3, 5, 20)]
The domination number is: 56

The minimum dominating set of a 3 x 5 x 21 grid graph is: 
[(1, 1, 2), (1, 1, 5), (1, 1, 8), (1, 1, 11), (1, 1, 14), (1, 1, 17), (1, 1, 19), (1, 3, 1), (1, 3, 4), (1, 3, 7), (1, 3, 10), (1, 3, 13), (1, 3, 16), (1, 3, 20), (1, 5, 2), (1, 5, 5), (1, 5, 8), (1, 5, 11), (1, 5, 14), (1, 5, 17), (1, 5, 19), (2, 1, 21), (2, 2, 3), (2, 2, 6), (2, 2, 9), (2, 2, 12), (2, 2, 15), (2, 2, 18), (2, 2, 21), (2, 3, 1), (2, 3, 18), (2, 4, 3), (2, 4, 6), (2, 4, 9), (2, 4, 12), (2, 4, 15), (2, 4, 18), (2, 4, 21), (2, 5, 21), (3, 1, 1), (3, 1, 4), (3, 1, 7), (3, 1, 10), (3, 1, 13), (3, 1, 16), (3, 1, 19), (3, 3, 2), (3, 3, 5), (3, 3, 8), (3, 3, 11), (3, 3, 14), (3, 3, 17), (3, 3, 20), (3, 5, 1), (3, 5, 4), (3, 5, 7), (3, 5, 10), (3, 5, 13), (3, 5, 16), (3, 5, 19)]
The domination number is: 60

The minimum dominating set of a 3 x 5 x 22 grid graph is: 
[(1, 1, 2), (1, 1, 5), (1, 1, 8), (1, 1, 11), (1, 1, 14), (1, 1, 17), (1, 1, 20), (1, 1, 21), (1, 3, 1), (1, 3, 4), (1, 3, 7), (1, 3, 10), (1, 3, 13), (1, 3, 16), (1, 3, 19), (1, 3, 22), (1, 4, 19), (1, 4, 20), (1, 5, 2), (1, 5, 5), (1, 5, 8), (1, 5, 11), (1, 5, 14), (1, 5, 17), (2, 2, 3), (2, 2, 6), (2, 2, 9), (2, 2, 12), (2, 2, 15), (2, 2, 18), (2, 2, 21), (2, 3, 1), (2, 4, 3), (2, 4, 6), (2, 4, 9), (2, 4, 12), (2, 4, 15), (2, 4, 18), (2, 5, 21), (2, 5, 22), (3, 1, 1), (3, 1, 4), (3, 1, 7), (3, 1, 10), (3, 1, 13), (3, 1, 16), (3, 1, 19), (3, 1, 22), (3, 3, 2), (3, 3, 5), (3, 3, 8), (3, 3, 11), (3, 3, 14), (3, 3, 17), (3, 3, 20), (3, 4, 22), (3, 5, 1), (3, 5, 4), (3, 5, 7), (3, 5, 10), (3, 5, 13), (3, 5, 16), (3, 5, 19)]
The domination number is: 63

The minimum dominating set of a 3 x 5 x 23 grid graph is: 
[(1, 1, 1), (1, 1, 4), (1, 1, 7), (1, 1, 10), (1, 1, 13), (1, 1, 16), (1, 1, 19), (1, 1, 22), (1, 3, 2), (1, 3, 5), (1, 3, 8), (1, 3, 11), (1, 3, 14), (1, 3, 17), (1, 3, 20), (1, 3, 23), (1, 5, 1), (1, 5, 4), (1, 5, 7), (1, 5, 10), (1, 5, 13), (1, 5, 16), (1, 5, 19), (1, 5, 22), (2, 2, 3), (2, 2, 6), (2, 2, 9), (2, 2, 12), (2, 2, 15), (2, 2, 18), (2, 2, 21), (2, 3, 1), (2, 3, 23), (2, 4, 3), (2, 4, 6), (2, 4, 9), (2, 4, 12), (2, 4, 15), (2, 4, 18), (2, 4, 21), (3, 1, 2), (3, 1, 5), (3, 1, 8), (3, 1, 11), (3, 1, 14), (3, 1, 17), (3, 1, 20), (3, 1, 23), (3, 3, 1), (3, 3, 4), (3, 3, 7), (3, 3, 10), (3, 3, 13), (3, 3, 16), (3, 3, 19), (3, 3, 22), (3, 5, 2), (3, 5, 5), (3, 5, 8), (3, 5, 11), (3, 5, 14), (3, 5, 17), (3, 5, 20), (3, 5, 23)]
The domination number is: 64

The minimum dominating set of a 3 x 5 x 24 grid graph is: 
[(1, 1, 1), (1, 1, 4), (1, 1, 7), (1, 1, 10), (1, 1, 13), (1, 1, 16), (1, 1, 19), (1, 1, 22), (1, 2, 23), (1, 3, 2), (1, 3, 5), (1, 3, 8), (1, 3, 11), (1, 3, 14), (1, 3, 17), (1, 3, 20), (1, 3, 23), (1, 5, 1), (1, 5, 4), (1, 5, 7), (1, 5, 10), (1, 5, 13), (1, 5, 16), (1, 5, 19), (1, 5, 22), (1, 5, 24), (2, 1, 24), (2, 2, 3), (2, 2, 6), (2, 2, 9), (2, 2, 12), (2, 2, 15), (2, 2, 18), (2, 2, 21), (2, 3, 1), (2, 4, 3), (2, 4, 6), (2, 4, 9), (2, 4, 12), (2, 4, 15), (2, 4, 18), (2, 4, 21), (2, 4, 23), (3, 1, 2), (3, 1, 5), (3, 1, 8), (3, 1, 11), (3, 1, 14), (3, 1, 17), (3, 1, 20), (3, 1, 23), (3, 3, 1), (3, 3, 4), (3, 3, 7), (3, 3, 10), (3, 3, 13), (3, 3, 16), (3, 3, 19), (3, 3, 22), (3, 3, 24), (3, 5, 2), (3, 5, 5), (3, 5, 8), (3, 5, 11), (3, 5, 14), (3, 5, 17), (3, 5, 20), (3, 5, 23)]
The domination number is: 68

The minimum dominating set of a 3 x 5 x 25 grid graph is: 
[(1, 1, 1), (1, 1, 4), (1, 1, 7), (1, 1, 10), (1, 1, 13), (1, 1, 16), (1, 1, 19), (1, 1, 24), (1, 2, 21), (1, 2, 25), (1, 3, 2), (1, 3, 5), (1, 3, 8), (1, 3, 11), (1, 3, 14), (1, 3, 17), (1, 3, 23), (1, 4, 19), (1, 5, 1), (1, 5, 4), (1, 5, 7), (1, 5, 10), (1, 5, 13), (1, 5, 16), (1, 5, 21), (1, 5, 24), (1, 5, 25), (2, 1, 22), (2, 2, 3), (2, 2, 6), (2, 2, 9), (2, 2, 12), (2, 2, 15), (2, 2, 18), (2, 3, 1), (2, 3, 20), (2, 3, 24), (2, 4, 3), (2, 4, 6), (2, 4, 9), (2, 4, 12), (2, 4, 15), (2, 4, 22), (2, 5, 16), (2, 5, 18), (3, 1, 2), (3, 1, 5), (3, 1, 8), (3, 1, 11), (3, 1, 14), (3, 1, 17), (3, 1, 20), (3, 1, 25), (3, 2, 23), (3, 3, 1), (3, 3, 4), (3, 3, 7), (3, 3, 10), (3, 3, 13), (3, 3, 16), (3, 3, 19), (3, 3, 21), (3, 4, 17), (3, 4, 25), (3, 5, 2), (3, 5, 5), (3, 5, 8), (3, 5, 11), (3, 5, 14), (3, 5, 20), (3, 5, 23)]
The domination number is: 71

The minimum dominating set of a 3 x 5 x 26 grid graph is: 
[(1, 1, 2), (1, 1, 5), (1, 1, 8), (1, 1, 11), (1, 1, 14), (1, 1, 17), (1, 1, 20), (1, 1, 23), (1, 1, 26), (1, 3, 1), (1, 3, 4), (1, 3, 7), (1, 3, 10), (1, 3, 13), (1, 3, 16), (1, 3, 19), (1, 3, 22), (1, 3, 25), (1, 5, 2), (1, 5, 5), (1, 5, 8), (1, 5, 11), (1, 5, 14), (1, 5, 17), (1, 5, 20), (1, 5, 23), (1, 5, 26), (2, 2, 3), (2, 2, 6), (2, 2, 9), (2, 2, 12), (2, 2, 15), (2, 2, 18), (2, 2, 21), (2, 2, 24), (2, 3, 1), (2, 3, 26), (2, 4, 3), (2, 4, 6), (2, 4, 9), (2, 4, 12), (2, 4, 15), (2, 4, 18), (2, 4, 21), (2, 4, 24), (3, 1, 1), (3, 1, 4), (3, 1, 7), (3, 1, 10), (3, 1, 13), (3, 1, 16), (3, 1, 19), (3, 1, 22), (3, 1, 25), (3, 3, 2), (3, 3, 5), (3, 3, 8), (3, 3, 11), (3, 3, 14), (3, 3, 17), (3, 3, 20), (3, 3, 23), (3, 3, 26), (3, 5, 1), (3, 5, 4), (3, 5, 7), (3, 5, 10), (3, 5, 13), (3, 5, 16), (3, 5, 19), (3, 5, 22), (3, 5, 25)]
The domination number is: 72

The minimum dominating set of a 3 x 5 x 27 grid graph is: 
[(1, 1, 2), (1, 1, 5), (1, 1, 8), (1, 1, 11), (1, 1, 14), (1, 1, 17), (1, 1, 20), (1, 1, 23), (1, 1, 26), (1, 3, 3), (1, 3, 6), (1, 3, 9), (1, 3, 12), (1, 3, 15), (1, 3, 18), (1, 3, 21), (1, 3, 24), (1, 3, 27), (1, 4, 1), (1, 5, 2), (1, 5, 5), (1, 5, 8), (1, 5, 11), (1, 5, 14), (1, 5, 17), (1, 5, 20), (1, 5, 23), (1, 5, 26), (2, 2, 1), (2, 2, 4), (2, 2, 7), (2, 2, 10), (2, 2, 13), (2, 2, 16), (2, 2, 19), (2, 2, 22), (2, 2, 25), (2, 3, 27), (2, 4, 2), (2, 4, 4), (2, 4, 7), (2, 4, 10), (2, 4, 13), (2, 4, 16), (2, 4, 19), (2, 4, 22), (2, 4, 25), (3, 1, 1), (3, 1, 3), (3, 1, 6), (3, 1, 9), (3, 1, 12), (3, 1, 15), (3, 1, 18), (3, 1, 21), (3, 1, 24), (3, 1, 27), (3, 3, 2), (3, 3, 5), (3, 3, 8), (3, 3, 11), (3, 3, 14), (3, 3, 17), (3, 3, 20), (3, 3, 23), (3, 3, 26), (3, 5, 1), (3, 5, 3), (3, 5, 6), (3, 5, 9), (3, 5, 12), (3, 5, 15), (3, 5, 18), (3, 5, 21), (3, 5, 24), (3, 5, 27)]
The domination number is: 76

The minimum dominating set of a 3 x 5 x 28 grid graph is: 
[(1, 1, 2), (1, 1, 5), (1, 1, 8), (1, 1, 11), (1, 1, 14), (1, 1, 17), (1, 1, 20), (1, 1, 23), (1, 1, 26), (1, 2, 27), (1, 3, 1), (1, 3, 4), (1, 3, 7), (1, 3, 10), (1, 3, 13), (1, 3, 16), (1, 3, 19), (1, 3, 22), (1, 3, 25), (1, 4, 23), (1, 4, 28), (1, 5, 2), (1, 5, 5), (1, 5, 8), (1, 5, 11), (1, 5, 14), (1, 5, 17), (1, 5, 20), (1, 5, 21), (1, 5, 26), (2, 1, 28), (2, 2, 3), (2, 2, 6), (2, 2, 9), (2, 2, 12), (2, 2, 15), (2, 2, 18), (2, 2, 21), (2, 2, 24), (2, 3, 1), (2, 3, 26), (2, 4, 3), (2, 4, 6), (2, 4, 9), (2, 4, 12), (2, 4, 15), (2, 4, 18), (2, 4, 21), (2, 5, 24), (2, 5, 27), (3, 1, 1), (3, 1, 4), (3, 1, 7), (3, 1, 10), (3, 1, 13), (3, 1, 16), (3, 1, 19), (3, 1, 22), (3, 1, 25), (3, 2, 27), (3, 3, 2), (3, 3, 5), (3, 3, 8), (3, 3, 11), (3, 3, 14), (3, 3, 17), (3, 3, 20), (3, 3, 23), (3, 3, 28), (3, 4, 25), (3, 5, 1), (3, 5, 4), (3, 5, 7), (3, 5, 10), (3, 5, 13), (3, 5, 16), (3, 5, 19), (3, 5, 22), (3, 5, 27)]
The domination number is: 79

The minimum dominating set of a 3 x 5 x 29 grid graph is: 
[(1, 1, 1), (1, 1, 4), (1, 1, 7), (1, 1, 10), (1, 1, 13), (1, 1, 16), (1, 1, 19), (1, 1, 22), (1, 1, 25), (1, 1, 28), (1, 3, 2), (1, 3, 5), (1, 3, 8), (1, 3, 11), (1, 3, 14), (1, 3, 17), (1, 3, 20), (1, 3, 23), (1, 3, 26), (1, 3, 29), (1, 5, 1), (1, 5, 4), (1, 5, 7), (1, 5, 10), (1, 5, 13), (1, 5, 16), (1, 5, 19), (1, 5, 22), (1, 5, 25), (1, 5, 28), (2, 2, 3), (2, 2, 6), (2, 2, 9), (2, 2, 12), (2, 2, 15), (2, 2, 18), (2, 2, 21), (2, 2, 24), (2, 2, 27), (2, 3, 1), (2, 3, 29), (2, 4, 3), (2, 4, 6), (2, 4, 9), (2, 4, 12), (2, 4, 15), (2, 4, 18), (2, 4, 21), (2, 4, 24), (2, 4, 27), (3, 1, 2), (3, 1, 5), (3, 1, 8), (3, 1, 11), (3, 1, 14), (3, 1, 17), (3, 1, 20), (3, 1, 23), (3, 1, 26), (3, 1, 29), (3, 3, 1), (3, 3, 4), (3, 3, 7), (3, 3, 10), (3, 3, 13), (3, 3, 16), (3, 3, 19), (3, 3, 22), (3, 3, 25), (3, 3, 28), (3, 5, 2), (3, 5, 5), (3, 5, 8), (3, 5, 11), (3, 5, 14), (3, 5, 17), (3, 5, 20), (3, 5, 23), (3, 5, 26), (3, 5, 29)]
The domination number is: 80

The minimum dominating set of a 3 x 5 x 30 grid graph is: 
[(1, 1, 3), (1, 1, 6), (1, 1, 9), (1, 1, 12), (1, 1, 15), (1, 1, 18), (1, 1, 21), (1, 1, 24), (1, 1, 27), (1, 1, 30), (1, 2, 1), (1, 3, 5), (1, 3, 8), (1, 3, 11), (1, 3, 14), (1, 3, 17), (1, 3, 20), (1, 3, 23), (1, 3, 26), (1, 3, 29), (1, 4, 2), (1, 5, 3), (1, 5, 6), (1, 5, 9), (1, 5, 12), (1, 5, 15), (1, 5, 18), (1, 5, 21), (1, 5, 24), (1, 5, 27), (1, 5, 30), (2, 1, 2), (2, 2, 4), (2, 2, 7), (2, 2, 10), (2, 2, 13), (2, 2, 16), (2, 2, 19), (2, 2, 22), (2, 2, 25), (2, 2, 28), (2, 3, 3), (2, 3, 30), (2, 4, 4), (2, 4, 7), (2, 4, 10), (2, 4, 13), (2, 4, 16), (2, 4, 19), (2, 4, 22), (2, 4, 25), (2, 4, 28), (2, 5, 1), (3, 1, 2), (3, 1, 5), (3, 1, 8), (3, 1, 11), (3, 1, 14), (3, 1, 17), (3, 1, 20), (3, 1, 23), (3, 1, 26), (3, 1, 29), (3, 3, 1), (3, 3, 3), (3, 3, 6), (3, 3, 9), (3, 3, 12), (3, 3, 15), (3, 3, 18), (3, 3, 21), (3, 3, 24), (3, 3, 27), (3, 3, 30), (3, 5, 2), (3, 5, 5), (3, 5, 8), (3, 5, 11), (3, 5, 14), (3, 5, 17), (3, 5, 20), (3, 5, 23), (3, 5, 26), (3, 5, 29)]
The domination number is: 84

The minimum dominating set of a 3 x 5 x 31 grid graph is: 
[(1, 1, 4), (1, 1, 7), (1, 1, 10), (1, 1, 13), (1, 1, 16), (1, 1, 19), (1, 1, 22), (1, 1, 25), (1, 1, 28), (1, 1, 31), (1, 2, 2), (1, 3, 3), (1, 3, 6), (1, 3, 9), (1, 3, 12), (1, 3, 15), (1, 3, 18), (1, 3, 21), (1, 3, 24), (1, 3, 27), (1, 3, 30), (1, 4, 1), (1, 5, 4), (1, 5, 7), (1, 5, 10), (1, 5, 13), (1, 5, 16), (1, 5, 19), (1, 5, 22), (1, 5, 25), (1, 5, 28), (1, 5, 31), (2, 1, 1), (2, 2, 5), (2, 2, 8), (2, 2, 11), (2, 2, 14), (2, 2, 17), (2, 2, 20), (2, 2, 23), (2, 2, 26), (2, 2, 29), (2, 3, 3), (2, 3, 31), (2, 4, 5), (2, 4, 8), (2, 4, 11), (2, 4, 14), (2, 4, 17), (2, 4, 20), (2, 4, 23), (2, 4, 26), (2, 4, 29), (2, 5, 2), (3, 1, 2), (3, 1, 3), (3, 1, 6), (3, 1, 9), (3, 1, 12), (3, 1, 15), (3, 1, 18), (3, 1, 21), (3, 1, 24), (3, 1, 27), (3, 1, 30), (3, 3, 1), (3, 3, 4), (3, 3, 7), (3, 3, 10), (3, 3, 13), (3, 3, 16), (3, 3, 19), (3, 3, 22), (3, 3, 25), (3, 3, 28), (3, 3, 31), (3, 5, 2), (3, 5, 3), (3, 5, 6), (3, 5, 9), (3, 5, 12), (3, 5, 15), (3, 5, 18), (3, 5, 21), (3, 5, 24), (3, 5, 27), (3, 5, 30)]
The domination number is: 87

The minimum dominating set of a 3 x 5 x 32 grid graph is: 
[(1, 1, 1), (1, 1, 4), (1, 1, 7), (1, 1, 10), (1, 1, 13), (1, 1, 16), (1, 1, 19), (1, 1, 22), (1, 1, 25), (1, 1, 28), (1, 1, 31), (1, 3, 2), (1, 3, 5), (1, 3, 8), (1, 3, 11), (1, 3, 14), (1, 3, 17), (1, 3, 20), (1, 3, 23), (1, 3, 26), (1, 3, 29), (1, 3, 32), (1, 5, 1), (1, 5, 4), (1, 5, 7), (1, 5, 10), (1, 5, 13), (1, 5, 16), (1, 5, 19), (1, 5, 22), (1, 5, 25), (1, 5, 28), (1, 5, 31), (2, 2, 3), (2, 2, 6), (2, 2, 9), (2, 2, 12), (2, 2, 15), (2, 2, 18), (2, 2, 21), (2, 2, 24), (2, 2, 27), (2, 2, 30), (2, 3, 1), (2, 3, 32), (2, 4, 3), (2, 4, 6), (2, 4, 9), (2, 4, 12), (2, 4, 15), (2, 4, 18), (2, 4, 21), (2, 4, 24), (2, 4, 27), (2, 4, 30), (3, 1, 2), (3, 1, 5), (3, 1, 8), (3, 1, 11), (3, 1, 14), (3, 1, 17), (3, 1, 20), (3, 1, 23), (3, 1, 26), (3, 1, 29), (3, 1, 32), (3, 3, 1), (3, 3, 4), (3, 3, 7), (3, 3, 10), (3, 3, 13), (3, 3, 16), (3, 3, 19), (3, 3, 22), (3, 3, 25), (3, 3, 28), (3, 3, 31), (3, 5, 2), (3, 5, 5), (3, 5, 8), (3, 5, 11), (3, 5, 14), (3, 5, 17), (3, 5, 20), (3, 5, 23), (3, 5, 26), (3, 5, 29), (3, 5, 32)]
The domination number is: 88

The minimum dominating set of a 3 x 5 x 33 grid graph is: 
[(1, 1, 1), (1, 1, 4), (1, 1, 7), (1, 1, 10), (1, 1, 13), (1, 1, 16), (1, 1, 19), (1, 1, 22), (1, 1, 25), (1, 1, 28), (1, 1, 33), (1, 2, 30), (1, 3, 2), (1, 3, 5), (1, 3, 8), (1, 3, 11), (1, 3, 14), (1, 3, 17), (1, 3, 20), (1, 3, 23), (1, 3, 26), (1, 3, 32), (1, 4, 28), (1, 5, 1), (1, 5, 4), (1, 5, 7), (1, 5, 10), (1, 5, 13), (1, 5, 16), (1, 5, 19), (1, 5, 22), (1, 5, 25), (1, 5, 30), (1, 5, 33), (2, 1, 31), (2, 2, 3), (2, 2, 6), (2, 2, 9), (2, 2, 12), (2, 2, 15), (2, 2, 18), (2, 2, 21), (2, 2, 24), (2, 2, 27), (2, 3, 1), (2, 3, 29), (2, 4, 3), (2, 4, 6), (2, 4, 9), (2, 4, 12), (2, 4, 15), (2, 4, 18), (2, 4, 21), (2, 4, 24), (2, 4, 31), (2, 4, 33), (2, 5, 27), (3, 1, 2), (3, 1, 5), (3, 1, 8), (3, 1, 11), (3, 1, 14), (3, 1, 17), (3, 1, 20), (3, 1, 23), (3, 1, 26), (3, 1, 29), (3, 2, 32), (3, 2, 33), (3, 3, 1), (3, 3, 4), (3, 3, 7), (3, 3, 10), (3, 3, 13), (3, 3, 16), (3, 3, 19), (3, 3, 22), (3, 3, 25), (3, 3, 28), (3, 3, 30), (3, 4, 26), (3, 5, 2), (3, 5, 5), (3, 5, 8), (3, 5, 11), (3, 5, 14), (3, 5, 17), (3, 5, 20), (3, 5, 23), (3, 5, 26), (3, 5, 29), (3, 5, 32)]
The domination number is: 92

The minimum dominating set of a 3 x 5 x 34 grid graph is: 
[(1, 1, 1), (1, 1, 4), (1, 1, 7), (1, 1, 10), (1, 1, 13), (1, 1, 16), (1, 1, 19), (1, 1, 22), (1, 1, 25), (1, 1, 28), (1, 1, 31), (1, 1, 34), (1, 3, 2), (1, 3, 5), (1, 3, 8), (1, 3, 11), (1, 3, 14), (1, 3, 17), (1, 3, 20), (1, 3, 23), (1, 3, 26), (1, 3, 29), (1, 3, 32), (1, 3, 34), (1, 5, 1), (1, 5, 4), (1, 5, 7), (1, 5, 10), (1, 5, 13), (1, 5, 16), (1, 5, 19), (1, 5, 22), (1, 5, 25), (1, 5, 28), (1, 5, 31), (1, 5, 34), (2, 2, 3), (2, 2, 6), (2, 2, 9), (2, 2, 12), (2, 2, 15), (2, 2, 18), (2, 2, 21), (2, 2, 24), (2, 2, 27), (2, 2, 30), (2, 2, 33), (2, 3, 1), (2, 4, 3), (2, 4, 6), (2, 4, 9), (2, 4, 12), (2, 4, 15), (2, 4, 18), (2, 4, 21), (2, 4, 24), (2, 4, 27), (2, 4, 30), (2, 4, 33), (3, 1, 2), (3, 1, 5), (3, 1, 8), (3, 1, 11), (3, 1, 14), (3, 1, 17), (3, 1, 20), (3, 1, 23), (3, 1, 26), (3, 1, 29), (3, 1, 32), (3, 2, 34), (3, 3, 1), (3, 3, 4), (3, 3, 7), (3, 3, 10), (3, 3, 13), (3, 3, 16), (3, 3, 19), (3, 3, 22), (3, 3, 25), (3, 3, 28), (3, 3, 31), (3, 3, 33), (3, 4, 34), (3, 5, 2), (3, 5, 5), (3, 5, 8), (3, 5, 11), (3, 5, 14), (3, 5, 17), (3, 5, 20), (3, 5, 23), (3, 5, 26), (3, 5, 29), (3, 5, 32)]
The domination number is: 95

The minimum dominating set of a 3 x 5 x 35 grid graph is: 
[(1, 1, 2), (1, 1, 5), (1, 1, 8), (1, 1, 11), (1, 1, 14), (1, 1, 17), (1, 1, 20), (1, 1, 23), (1, 1, 26), (1, 1, 29), (1, 1, 32), (1, 1, 35), (1, 3, 1), (1, 3, 4), (1, 3, 7), (1, 3, 10), (1, 3, 13), (1, 3, 16), (1, 3, 19), (1, 3, 22), (1, 3, 25), (1, 3, 28), (1, 3, 31), (1, 3, 34), (1, 5, 2), (1, 5, 5), (1, 5, 8), (1, 5, 11), (1, 5, 14), (1, 5, 17), (1, 5, 20), (1, 5, 23), (1, 5, 26), (1, 5, 29), (1, 5, 32), (1, 5, 35), (2, 2, 3), (2, 2, 6), (2, 2, 9), (2, 2, 12), (2, 2, 15), (2, 2, 18), (2, 2, 21), (2, 2, 24), (2, 2, 27), (2, 2, 30), (2, 2, 33), (2, 3, 1), (2, 3, 35), (2, 4, 3), (2, 4, 6), (2, 4, 9), (2, 4, 12), (2, 4, 15), (2, 4, 18), (2, 4, 21), (2, 4, 24), (2, 4, 27), (2, 4, 30), (2, 4, 33), (3, 1, 1), (3, 1, 4), (3, 1, 7), (3, 1, 10), (3, 1, 13), (3, 1, 16), (3, 1, 19), (3, 1, 22), (3, 1, 25), (3, 1, 28), (3, 1, 31), (3, 1, 34), (3, 3, 2), (3, 3, 5), (3, 3, 8), (3, 3, 11), (3, 3, 14), (3, 3, 17), (3, 3, 20), (3, 3, 23), (3, 3, 26), (3, 3, 29), (3, 3, 32), (3, 3, 35), (3, 5, 1), (3, 5, 4), (3, 5, 7), (3, 5, 10), (3, 5, 13), (3, 5, 16), (3, 5, 19), (3, 5, 22), (3, 5, 25), (3, 5, 28), (3, 5, 31), (3, 5, 34)]
The domination number is: 96

The minimum dominating set of a 3 x 5 x 36 grid graph is: 
[(1, 1, 1), (1, 1, 4), (1, 1, 7), (1, 1, 10), (1, 1, 13), (1, 1, 16), (1, 1, 19), (1, 1, 22), (1, 1, 25), (1, 1, 28), (1, 1, 31), (1, 1, 34), (1, 1, 36), (1, 3, 2), (1, 3, 5), (1, 3, 8), (1, 3, 11), (1, 3, 14), (1, 3, 17), (1, 3, 20), (1, 3, 23), (1, 3, 26), (1, 3, 29), (1, 3, 32), (1, 3, 35), (1, 5, 1), (1, 5, 4), (1, 5, 7), (1, 5, 10), (1, 5, 13), (1, 5, 16), (1, 5, 19), (1, 5, 22), (1, 5, 25), (1, 5, 28), (1, 5, 31), (1, 5, 34), (1, 5, 36), (2, 2, 3), (2, 2, 6), (2, 2, 9), (2, 2, 12), (2, 2, 15), (2, 2, 18), (2, 2, 21), (2, 2, 24), (2, 2, 27), (2, 2, 30), (2, 2, 33), (2, 3, 1), (2, 3, 35), (2, 4, 3), (2, 4, 6), (2, 4, 9), (2, 4, 12), (2, 4, 15), (2, 4, 18), (2, 4, 21), (2, 4, 24), (2, 4, 27), (2, 4, 30), (2, 4, 33), (3, 1, 2), (3, 1, 5), (3, 1, 8), (3, 1, 11), (3, 1, 14), (3, 1, 17), (3, 1, 20), (3, 1, 23), (3, 1, 26), (3, 1, 29), (3, 1, 32), (3, 1, 35), (3, 2, 36), (3, 3, 1), (3, 3, 4), (3, 3, 7), (3, 3, 10), (3, 3, 13), (3, 3, 16), (3, 3, 19), (3, 3, 22), (3, 3, 25), (3, 3, 28), (3, 3, 31), (3, 3, 34), (3, 4, 36), (3, 5, 2), (3, 5, 5), (3, 5, 8), (3, 5, 11), (3, 5, 14), (3, 5, 17), (3, 5, 20), (3, 5, 23), (3, 5, 26), (3, 5, 29), (3, 5, 32), (3, 5, 35)]
The domination number is: 100

The minimum dominating set of a 3 x 5 x 37 grid graph is: 
[(1, 1, 3), (1, 1, 6), (1, 1, 9), (1, 1, 12), (1, 1, 15), (1, 1, 18), (1, 1, 21), (1, 1, 24), (1, 1, 27), (1, 1, 30), (1, 1, 33), (1, 1, 36), (1, 3, 1), (1, 3, 4), (1, 3, 7), (1, 3, 10), (1, 3, 13), (1, 3, 16), (1, 3, 19), (1, 3, 22), (1, 3, 25), (1, 3, 28), (1, 3, 31), (1, 3, 34), (1, 3, 37), (1, 5, 3), (1, 5, 6), (1, 5, 9), (1, 5, 12), (1, 5, 15), (1, 5, 18), (1, 5, 21), (1, 5, 24), (1, 5, 27), (1, 5, 30), (1, 5, 33), (1, 5, 36), (2, 1, 1), (2, 2, 2), (2, 2, 5), (2, 2, 8), (2, 2, 11), (2, 2, 14), (2, 2, 17), (2, 2, 20), (2, 2, 23), (2, 2, 26), (2, 2, 29), (2, 2, 32), (2, 2, 35), (2, 3, 37), (2, 4, 2), (2, 4, 5), (2, 4, 8), (2, 4, 11), (2, 4, 14), (2, 4, 17), (2, 4, 20), (2, 4, 23), (2, 4, 26), (2, 4, 29), (2, 4, 32), (2, 4, 35), (2, 5, 1), (3, 1, 1), (3, 1, 4), (3, 1, 7), (3, 1, 10), (3, 1, 13), (3, 1, 16), (3, 1, 19), (3, 1, 22), (3, 1, 25), (3, 1, 28), (3, 1, 31), (3, 1, 34), (3, 1, 37), (3, 3, 1), (3, 3, 3), (3, 3, 6), (3, 3, 9), (3, 3, 12), (3, 3, 15), (3, 3, 18), (3, 3, 21), (3, 3, 24), (3, 3, 27), (3, 3, 30), (3, 3, 33), (3, 3, 36), (3, 5, 1), (3, 5, 4), (3, 5, 7), (3, 5, 10), (3, 5, 13), (3, 5, 16), (3, 5, 19), (3, 5, 22), (3, 5, 25), (3, 5, 28), (3, 5, 31), (3, 5, 34), (3, 5, 37)]
The domination number is: 103

The minimum dominating set of a 3 x 5 x 38 grid graph is: 
[(1, 1, 2), (1, 1, 5), (1, 1, 8), (1, 1, 11), (1, 1, 14), (1, 1, 17), (1, 1, 20), (1, 1, 23), (1, 1, 26), (1, 1, 29), (1, 1, 32), (1, 1, 35), (1, 1, 38), (1, 3, 1), (1, 3, 4), (1, 3, 7), (1, 3, 10), (1, 3, 13), (1, 3, 16), (1, 3, 19), (1, 3, 22), (1, 3, 25), (1, 3, 28), (1, 3, 31), (1, 3, 34), (1, 3, 37), (1, 5, 2), (1, 5, 5), (1, 5, 8), (1, 5, 11), (1, 5, 14), (1, 5, 17), (1, 5, 20), (1, 5, 23), (1, 5, 26), (1, 5, 29), (1, 5, 32), (1, 5, 35), (1, 5, 38), (2, 2, 3), (2, 2, 6), (2, 2, 9), (2, 2, 12), (2, 2, 15), (2, 2, 18), (2, 2, 21), (2, 2, 24), (2, 2, 27), (2, 2, 30), (2, 2, 33), (2, 2, 36), (2, 3, 1), (2, 3, 38), (2, 4, 3), (2, 4, 6), (2, 4, 9), (2, 4, 12), (2, 4, 15), (2, 4, 18), (2, 4, 21), (2, 4, 24), (2, 4, 27), (2, 4, 30), (2, 4, 33), (2, 4, 36), (3, 1, 1), (3, 1, 4), (3, 1, 7), (3, 1, 10), (3, 1, 13), (3, 1, 16), (3, 1, 19), (3, 1, 22), (3, 1, 25), (3, 1, 28), (3, 1, 31), (3, 1, 34), (3, 1, 37), (3, 3, 2), (3, 3, 5), (3, 3, 8), (3, 3, 11), (3, 3, 14), (3, 3, 17), (3, 3, 20), (3, 3, 23), (3, 3, 26), (3, 3, 29), (3, 3, 32), (3, 3, 35), (3, 3, 38), (3, 5, 1), (3, 5, 4), (3, 5, 7), (3, 5, 10), (3, 5, 13), (3, 5, 16), (3, 5, 19), (3, 5, 22), (3, 5, 25), (3, 5, 28), (3, 5, 31), (3, 5, 34), (3, 5, 37)]
The domination number is: 104

The minimum dominating set of a 3 x 5 x 39 grid graph is: 
[(1, 1, 1), (1, 1, 4), (1, 1, 7), (1, 1, 10), (1, 1, 13), (1, 1, 16), (1, 1, 18), (1, 1, 21), (1, 1, 24), (1, 1, 27), (1, 1, 30), (1, 1, 33), (1, 1, 36), (1, 1, 39), (1, 3, 2), (1, 3, 5), (1, 3, 8), (1, 3, 11), (1, 3, 14), (1, 3, 17), (1, 3, 20), (1, 3, 23), (1, 3, 26), (1, 3, 29), (1, 3, 32), (1, 3, 35), (1, 3, 38), (1, 5, 1), (1, 5, 4), (1, 5, 7), (1, 5, 10), (1, 5, 13), (1, 5, 16), (1, 5, 18), (1, 5, 21), (1, 5, 24), (1, 5, 27), (1, 5, 30), (1, 5, 33), (1, 5, 36), (1, 5, 39), (2, 2, 3), (2, 2, 6), (2, 2, 9), (2, 2, 12), (2, 2, 15), (2, 2, 19), (2, 2, 22), (2, 2, 25), (2, 2, 28), (2, 2, 31), (2, 2, 34), (2, 2, 37), (2, 3, 1), (2, 3, 17), (2, 3, 39), (2, 4, 3), (2, 4, 6), (2, 4, 9), (2, 4, 12), (2, 4, 15), (2, 4, 19), (2, 4, 22), (2, 4, 25), (2, 4, 28), (2, 4, 31), (2, 4, 34), (2, 4, 37), (3, 1, 2), (3, 1, 5), (3, 1, 8), (3, 1, 11), (3, 1, 14), (3, 1, 17), (3, 1, 20), (3, 1, 23), (3, 1, 26), (3, 1, 29), (3, 1, 32), (3, 1, 35), (3, 1, 38), (3, 3, 1), (3, 3, 4), (3, 3, 7), (3, 3, 10), (3, 3, 13), (3, 3, 16), (3, 3, 18), (3, 3, 21), (3, 3, 24), (3, 3, 27), (3, 3, 30), (3, 3, 33), (3, 3, 36), (3, 3, 39), (3, 5, 2), (3, 5, 5), (3, 5, 8), (3, 5, 11), (3, 5, 14), (3, 5, 17), (3, 5, 20), (3, 5, 23), (3, 5, 26), (3, 5, 29), (3, 5, 32), (3, 5, 35), (3, 5, 38)]
The domination number is: 108

The minimum dominating set of a 3 x 5 x 40 grid graph is: 
[(1, 1, 2), (1, 1, 5), (1, 1, 8), (1, 1, 11), (1, 1, 14), (1, 1, 17), (1, 1, 20), (1, 1, 23), (1, 1, 26), (1, 1, 29), (1, 1, 32), (1, 1, 39), (1, 2, 36), (1, 2, 37), (1, 3, 1), (1, 3, 4), (1, 3, 7), (1, 3, 10), (1, 3, 13), (1, 3, 16), (1, 3, 19), (1, 3, 22), (1, 3, 25), (1, 3, 28), (1, 3, 31), (1, 3, 34), (1, 3, 40), (1, 4, 38), (1, 5, 2), (1, 5, 5), (1, 5, 8), (1, 5, 11), (1, 5, 14), (1, 5, 17), (1, 5, 20), (1, 5, 23), (1, 5, 26), (1, 5, 29), (1, 5, 32), (1, 5, 35), (1, 5, 38), (2, 1, 34), (2, 1, 35), (2, 1, 39), (2, 2, 3), (2, 2, 6), (2, 2, 9), (2, 2, 12), (2, 2, 15), (2, 2, 18), (2, 2, 21), (2, 2, 24), (2, 2, 27), (2, 2, 30), (2, 2, 33), (2, 3, 1), (2, 3, 38), (2, 4, 3), (2, 4, 6), (2, 4, 9), (2, 4, 12), (2, 4, 15), (2, 4, 18), (2, 4, 21), (2, 4, 24), (2, 4, 27), (2, 4, 30), (2, 4, 33), (2, 4, 36), (2, 5, 40), (3, 1, 1), (3, 1, 4), (3, 1, 7), (3, 1, 10), (3, 1, 13), (3, 1, 16), (3, 1, 19), (3, 1, 22), (3, 1, 25), (3, 1, 28), (3, 1, 31), (3, 1, 34), (3, 1, 37), (3, 2, 37), (3, 2, 40), (3, 3, 2), (3, 3, 5), (3, 3, 8), (3, 3, 11), (3, 3, 14), (3, 3, 17), (3, 3, 20), (3, 3, 23), (3, 3, 26), (3, 3, 29), (3, 3, 32), (3, 3, 35), (3, 4, 39), (3, 5, 1), (3, 5, 4), (3, 5, 7), (3, 5, 10), (3, 5, 13), (3, 5, 16), (3, 5, 19), (3, 5, 22), (3, 5, 25), (3, 5, 28), (3, 5, 31), (3, 5, 34), (3, 5, 37)]
The domination number is: 111

