The minimum dominating set of a 3 x 4 x 2 grid graph is: 
[(1, 1, 1), (1, 4, 1), (2, 2, 2), (2, 3, 2), (3, 1, 1), (3, 4, 1)]
The domination number is: 6

The minimum dominating set of a 3 x 4 x 3 grid graph is: 
[(1, 1, 1), (1, 3, 2), (1, 3, 3), (2, 1, 3), (2, 4, 1), (3, 2, 1), (3, 2, 2), (3, 4, 3)]
The domination number is: 8

The minimum dominating set of a 3 x 4 x 4 grid graph is: 
[(1, 1, 2), (1, 2, 4), (1, 3, 2), (1, 4, 2), (2, 2, 1), (2, 2, 3), (2, 4, 4), (3, 1, 2), (3, 1, 4), (3, 3, 3), (3, 4, 1)]
The domination number is: 11

The minimum dominating set of a 3 x 4 x 5 grid graph is: 
[(1, 1, 3), (1, 3, 1), (1, 3, 2), (1, 3, 4), (1, 3, 5), (2, 1, 1), (2, 1, 5), (2, 4, 3), (3, 2, 2), (3, 2, 3), (3, 2, 4), (3, 4, 1), (3, 4, 5)]
The domination number is: 13

The minimum dominating set of a 3 x 4 x 6 grid graph is: 
[(1, 1, 5), (1, 2, 1), (1, 2, 2), (1, 2, 5), (1, 3, 4), (1, 4, 2), (1, 4, 5), (2, 1, 3), (2, 3, 6), (2, 4, 1), (2, 4, 3), (3, 1, 1), (3, 1, 6), (3, 2, 4), (3, 3, 2), (3, 4, 5)]
The domination number is: 16

The minimum dominating set of a 3 x 4 x 7 grid graph is: 
[(1, 1, 3), (1, 1, 7), (1, 2, 1), (1, 2, 5), (1, 4, 2), (1, 4, 4), (1, 4, 6), (2, 2, 1), (2, 2, 5), (2, 3, 3), (2, 3, 7), (3, 1, 2), (3, 1, 4), (3, 1, 6), (3, 3, 3), (3, 3, 7), (3, 4, 1), (3, 4, 5)]
The domination number is: 18

The minimum dominating set of a 3 x 4 x 8 grid graph is: 
[(1, 1, 3), (1, 1, 8), (1, 2, 1), (1, 2, 6), (1, 3, 4), (1, 4, 2), (1, 4, 7), (2, 1, 3), (2, 1, 5), (2, 3, 2), (2, 3, 8), (2, 4, 5), (3, 1, 1), (3, 1, 7), (3, 2, 2), (3, 2, 4), (3, 2, 7), (3, 3, 6), (3, 4, 1), (3, 4, 3), (3, 4, 8)]
The domination number is: 21

The minimum dominating set of a 3 x 4 x 9 grid graph is: 
[(1, 1, 2), (1, 1, 7), (1, 1, 9), (1, 2, 5), (1, 3, 3), (1, 3, 8), (1, 4, 2), (1, 4, 6), (2, 1, 4), (2, 2, 1), (2, 2, 8), (2, 3, 1), (2, 3, 6), (2, 4, 4), (2, 4, 9), (3, 1, 2), (3, 1, 6), (3, 2, 3), (3, 2, 8), (3, 2, 9), (3, 3, 5), (3, 4, 2), (3, 4, 7)]
The domination number is: 23

The minimum dominating set of a 3 x 4 x 10 grid graph is: 
[(1, 1, 2), (1, 1, 5), (1, 1, 8), (1, 2, 10), (1, 3, 3), (1, 3, 6), (1, 4, 1), (1, 4, 6), (1, 4, 9), (2, 2, 1), (2, 2, 4), (2, 2, 7), (2, 2, 10), (2, 3, 8), (2, 4, 4), (3, 1, 1), (3, 1, 3), (3, 1, 6), (3, 1, 9), (3, 3, 2), (3, 3, 5), (3, 3, 8), (3, 4, 2), (3, 4, 7), (3, 4, 10)]
The domination number is: 25

The minimum dominating set of a 3 x 4 x 11 grid graph is: 
[(1, 1, 5), (1, 1, 7), (1, 1, 10), (1, 2, 1), (1, 2, 3), (1, 3, 3), (1, 3, 6), (1, 3, 9), (1, 4, 6), (1, 4, 11), (2, 1, 2), (2, 2, 5), (2, 2, 8), (2, 2, 11), (2, 3, 9), (2, 4, 1), (2, 4, 2), (2, 4, 4), (2, 4, 8), (3, 1, 4), (3, 1, 6), (3, 1, 9), (3, 2, 1), (3, 2, 11), (3, 3, 3), (3, 3, 7), (3, 4, 5), (3, 4, 10)]
The domination number is: 28

The minimum dominating set of a 3 x 4 x 12 grid graph is: 
[(1, 1, 5), (1, 1, 7), (1, 1, 11), (1, 2, 2), (1, 2, 10), (1, 3, 4), (1, 3, 8), (1, 4, 1), (1, 4, 6), (1, 4, 11), (2, 1, 1), (2, 1, 3), (2, 1, 9), (2, 2, 6), (2, 2, 12), (2, 3, 6), (2, 3, 12), (2, 4, 1), (2, 4, 3), (2, 4, 9), (3, 1, 1), (3, 1, 6), (3, 1, 11), (3, 2, 4), (3, 2, 8), (3, 3, 2), (3, 3, 10), (3, 4, 5), (3, 4, 7), (3, 4, 12)]
The domination number is: 30

The minimum dominating set of a 3 x 4 x 13 grid graph is: 
[(1, 1, 2), (1, 1, 5), (1, 1, 8), (1, 1, 13), (1, 2, 1), (1, 2, 8), (1, 2, 11), (1, 3, 4), (1, 4, 2), (1, 4, 6), (1, 4, 9), (1, 4, 12), (2, 1, 10), (2, 2, 3), (2, 2, 6), (2, 3, 7), (2, 3, 10), (2, 3, 13), (2, 4, 1), (2, 4, 3), (3, 1, 1), (3, 1, 4), (3, 1, 7), (3, 1, 12), (3, 2, 9), (3, 2, 12), (3, 3, 2), (3, 3, 5), (3, 3, 13), (3, 4, 5), (3, 4, 8), (3, 4, 11)]
The domination number is: 32

The minimum dominating set of a 3 x 4 x 14 grid graph is: 
[(1, 1, 2), (1, 1, 7), (1, 1, 10), (1, 1, 13), (1, 2, 2), (1, 2, 5), (1, 3, 9), (1, 3, 12), (1, 4, 2), (1, 4, 3), (1, 4, 6), (1, 4, 9), (1, 4, 14), (2, 1, 4), (2, 2, 8), (2, 2, 11), (2, 2, 14), (2, 3, 1), (2, 3, 4), (2, 3, 7), (2, 4, 11), (3, 1, 1), (3, 1, 6), (3, 1, 9), (3, 1, 12), (3, 1, 14), (3, 2, 3), (3, 2, 6), (3, 3, 10), (3, 3, 13), (3, 4, 2), (3, 4, 5), (3, 4, 8), (3, 4, 13)]
The domination number is: 34

The minimum dominating set of a 3 x 4 x 15 grid graph is: 
[(1, 1, 4), (1, 1, 9), (1, 1, 12), (1, 1, 14), (1, 2, 1), (1, 2, 4), (1, 2, 7), (1, 3, 11), (1, 3, 14), (1, 4, 2), (1, 4, 5), (1, 4, 8), (1, 4, 11), (2, 1, 2), (2, 1, 6), (2, 2, 10), (2, 2, 13), (2, 2, 15), (2, 3, 2), (2, 3, 3), (2, 3, 6), (2, 3, 9), (2, 4, 13), (2, 4, 15), (3, 1, 3), (3, 1, 8), (3, 1, 11), (3, 1, 14), (3, 2, 1), (3, 2, 5), (3, 2, 8), (3, 3, 12), (3, 3, 14), (3, 4, 1), (3, 4, 4), (3, 4, 7), (3, 4, 10)]
The domination number is: 37

The minimum dominating set of a 3 x 4 x 16 grid graph is: 
[(1, 1, 1), (1, 1, 6), (1, 1, 9), (1, 1, 12), (1, 1, 16), (1, 2, 3), (1, 2, 6), (1, 2, 14), (1, 3, 10), (1, 3, 13), (1, 4, 2), (1, 4, 5), (1, 4, 8), (1, 4, 13), (1, 4, 15), (2, 1, 4), (2, 2, 8), (2, 2, 11), (2, 2, 14), (2, 3, 1), (2, 3, 4), (2, 3, 7), (2, 3, 16), (2, 4, 11), (3, 1, 2), (3, 1, 7), (3, 1, 10), (3, 1, 13), (3, 1, 15), (3, 2, 2), (3, 2, 5), (3, 3, 9), (3, 3, 12), (3, 3, 16), (3, 4, 2), (3, 4, 3), (3, 4, 6), (3, 4, 9), (3, 4, 14)]
The domination number is: 39

The minimum dominating set of a 3 x 4 x 17 grid graph is: 
[(1, 1, 3), (1, 1, 6), (1, 1, 9), (1, 1, 14), (1, 1, 17), (1, 2, 1), (1, 2, 9), (1, 2, 12), (1, 2, 15), (1, 3, 5), (1, 4, 2), (1, 4, 7), (1, 4, 10), (1, 4, 13), (1, 4, 16), (2, 1, 11), (2, 2, 1), (2, 2, 4), (2, 2, 7), (2, 2, 15), (2, 3, 3), (2, 3, 8), (2, 3, 11), (2, 3, 14), (2, 3, 17), (2, 4, 4), (3, 1, 2), (3, 1, 5), (3, 1, 8), (3, 1, 13), (3, 1, 16), (3, 2, 10), (3, 2, 13), (3, 3, 3), (3, 3, 6), (3, 3, 17), (3, 4, 1), (3, 4, 6), (3, 4, 9), (3, 4, 12), (3, 4, 15)]
The domination number is: 41

The minimum dominating set of a 3 x 4 x 18 grid graph is: 
[(1, 1, 1), (1, 1, 6), (1, 1, 8), (1, 1, 13), (1, 1, 16), (1, 2, 3), (1, 2, 11), (1, 2, 18), (1, 3, 5), (1, 3, 9), (1, 3, 14), (1, 4, 2), (1, 4, 7), (1, 4, 12), (1, 4, 17), (2, 1, 4), (2, 1, 10), (2, 2, 1), (2, 2, 7), (2, 2, 12), (2, 2, 15), (2, 2, 18), (2, 3, 1), (2, 3, 7), (2, 3, 16), (2, 4, 4), (2, 4, 10), (2, 4, 15), (3, 1, 2), (3, 1, 7), (3, 1, 11), (3, 1, 14), (3, 1, 17), (3, 2, 5), (3, 2, 9), (3, 3, 3), (3, 3, 11), (3, 3, 13), (3, 3, 16), (3, 4, 1), (3, 4, 6), (3, 4, 8), (3, 4, 13), (3, 4, 18)]
The domination number is: 44

The minimum dominating set of a 3 x 4 x 19 grid graph is: 
[(1, 1, 1), (1, 1, 6), (1, 1, 8), (1, 1, 13), (1, 1, 18), (1, 2, 3), (1, 2, 11), (1, 2, 15), (1, 3, 2), (1, 3, 5), (1, 3, 9), (1, 3, 17), (1, 4, 2), (1, 4, 7), (1, 4, 12), (1, 4, 14), (1, 4, 19), (2, 1, 4), (2, 1, 10), (2, 1, 16), (2, 2, 1), (2, 2, 7), (2, 2, 13), (2, 2, 19), (2, 3, 7), (2, 3, 13), (2, 3, 19), (2, 4, 4), (2, 4, 10), (2, 4, 16), (3, 1, 2), (3, 1, 7), (3, 1, 12), (3, 1, 14), (3, 1, 19), (3, 2, 5), (3, 2, 9), (3, 2, 17), (3, 3, 3), (3, 3, 11), (3, 3, 15), (3, 4, 1), (3, 4, 6), (3, 4, 8), (3, 4, 13), (3, 4, 18)]
The domination number is: 46

The minimum dominating set of a 3 x 4 x 20 grid graph is: 
[(1, 1, 3), (1, 1, 6), (1, 1, 9), (1, 1, 12), (1, 1, 17), (1, 2, 12), (1, 2, 15), (1, 2, 19), (1, 3, 2), (1, 3, 5), (1, 3, 8), (1, 4, 5), (1, 4, 10), (1, 4, 13), (1, 4, 16), (1, 4, 18), (2, 1, 1), (2, 1, 14), (2, 1, 18), (2, 1, 20), (2, 2, 1), (2, 2, 4), (2, 2, 7), (2, 2, 10), (2, 3, 11), (2, 3, 14), (2, 3, 17), (2, 3, 20), (2, 4, 1), (2, 4, 3), (2, 4, 7), (2, 4, 20), (3, 1, 3), (3, 1, 5), (3, 1, 8), (3, 1, 11), (3, 1, 16), (3, 2, 13), (3, 2, 16), (3, 2, 19), (3, 3, 2), (3, 3, 6), (3, 3, 9), (3, 4, 4), (3, 4, 9), (3, 4, 12), (3, 4, 15), (3, 4, 18)]
The domination number is: 48

The minimum dominating set of a 3 x 4 x 21 grid graph is: 
[(1, 1, 2), (1, 1, 7), (1, 1, 10), (1, 1, 13), (1, 1, 16), (1, 1, 21), (1, 2, 2), (1, 2, 5), (1, 2, 16), (1, 2, 19), (1, 3, 9), (1, 3, 12), (1, 4, 3), (1, 4, 6), (1, 4, 9), (1, 4, 14), (1, 4, 17), (1, 4, 20), (2, 1, 4), (2, 1, 18), (2, 2, 8), (2, 2, 11), (2, 2, 14), (2, 3, 1), (2, 3, 4), (2, 3, 7), (2, 3, 15), (2, 3, 18), (2, 3, 21), (2, 4, 1), (2, 4, 11), (3, 1, 1), (3, 1, 6), (3, 1, 9), (3, 1, 12), (3, 1, 15), (3, 1, 20), (3, 2, 3), (3, 2, 6), (3, 2, 17), (3, 2, 20), (3, 3, 10), (3, 3, 13), (3, 4, 2), (3, 4, 5), (3, 4, 8), (3, 4, 13), (3, 4, 16), (3, 4, 19), (3, 4, 20)]
The domination number is: 50

The minimum dominating set of a 3 x 4 x 22 grid graph is: 
[(1, 1, 2), (1, 1, 5), (1, 1, 8), (1, 1, 13), (1, 1, 16), (1, 1, 19), (1, 2, 10), (1, 2, 13), (1, 2, 21), (1, 3, 3), (1, 3, 6), (1, 3, 17), (1, 4, 1), (1, 4, 6), (1, 4, 9), (1, 4, 12), (1, 4, 15), (1, 4, 19), (1, 4, 22), (2, 1, 11), (2, 1, 22), (2, 2, 1), (2, 2, 4), (2, 2, 7), (2, 2, 15), (2, 2, 18), (2, 3, 3), (2, 3, 8), (2, 3, 11), (2, 3, 14), (2, 3, 20), (2, 3, 22), (2, 4, 4), (2, 4, 18), (3, 1, 3), (3, 1, 6), (3, 1, 9), (3, 1, 14), (3, 1, 17), (3, 1, 20), (3, 2, 1), (3, 2, 9), (3, 2, 12), (3, 2, 22), (3, 3, 5), (3, 3, 16), (3, 3, 19), (3, 4, 2), (3, 4, 7), (3, 4, 10), (3, 4, 13), (3, 4, 16), (3, 4, 21)]
The domination number is: 53

The minimum dominating set of a 3 x 4 x 23 grid graph is: 
[(1, 1, 4), (1, 1, 9), (1, 1, 12), (1, 1, 15), (1, 1, 18), (1, 1, 23), (1, 2, 1), (1, 2, 4), (1, 2, 7), (1, 2, 18), (1, 2, 21), (1, 3, 11), (1, 3, 14), (1, 4, 2), (1, 4, 5), (1, 4, 8), (1, 4, 11), (1, 4, 16), (1, 4, 19), (1, 4, 22), (2, 1, 2), (2, 1, 6), (2, 1, 20), (2, 2, 10), (2, 2, 13), (2, 2, 16), (2, 3, 3), (2, 3, 6), (2, 3, 9), (2, 3, 17), (2, 3, 20), (2, 3, 23), (2, 4, 2), (2, 4, 13), (3, 1, 3), (3, 1, 8), (3, 1, 11), (3, 1, 14), (3, 1, 17), (3, 1, 22), (3, 2, 1), (3, 2, 5), (3, 2, 8), (3, 2, 19), (3, 2, 22), (3, 3, 1), (3, 3, 12), (3, 3, 15), (3, 3, 23), (3, 4, 4), (3, 4, 7), (3, 4, 10), (3, 4, 15), (3, 4, 18), (3, 4, 21)]
The domination number is: 55

The minimum dominating set of a 3 x 4 x 24 grid graph is: 
[(1, 1, 1), (1, 1, 6), (1, 1, 9), (1, 1, 12), (1, 1, 15), (1, 1, 20), (1, 2, 3), (1, 2, 6), (1, 2, 17), (1, 2, 20), (1, 2, 23), (1, 3, 10), (1, 3, 13), (1, 4, 2), (1, 4, 5), (1, 4, 8), (1, 4, 13), (1, 4, 16), (1, 4, 19), (1, 4, 22), (2, 1, 4), (2, 1, 18), (2, 1, 22), (2, 1, 24), (2, 2, 8), (2, 2, 11), (2, 2, 14), (2, 3, 1), (2, 3, 4), (2, 3, 7), (2, 3, 15), (2, 3, 18), (2, 3, 21), (2, 3, 24), (2, 4, 11), (2, 4, 24), (3, 1, 2), (3, 1, 7), (3, 1, 10), (3, 1, 13), (3, 1, 16), (3, 1, 21), (3, 2, 2), (3, 2, 5), (3, 2, 16), (3, 2, 19), (3, 2, 23), (3, 3, 9), (3, 3, 12), (3, 4, 1), (3, 4, 3), (3, 4, 6), (3, 4, 9), (3, 4, 14), (3, 4, 17), (3, 4, 20), (3, 4, 22)]
The domination number is: 57

The minimum dominating set of a 3 x 4 x 25 grid graph is: 
[(1, 1, 2), (1, 1, 7), (1, 1, 12), (1, 1, 14), (1, 1, 19), (1, 1, 24), (1, 2, 5), (1, 2, 9), (1, 2, 17), (1, 2, 21), (1, 3, 1), (1, 3, 3), (1, 3, 11), (1, 3, 15), (1, 3, 23), (1, 4, 6), (1, 4, 8), (1, 4, 13), (1, 4, 18), (1, 4, 20), (1, 4, 24), (2, 1, 2), (2, 1, 4), (2, 1, 10), (2, 1, 16), (2, 1, 22), (2, 2, 7), (2, 2, 13), (2, 2, 19), (2, 2, 25), (2, 3, 7), (2, 3, 13), (2, 3, 19), (2, 3, 25), (2, 4, 2), (2, 4, 4), (2, 4, 10), (2, 4, 16), (2, 4, 22), (3, 1, 6), (3, 1, 8), (3, 1, 13), (3, 1, 18), (3, 1, 20), (3, 1, 24), (3, 2, 1), (3, 2, 3), (3, 2, 11), (3, 2, 15), (3, 2, 23), (3, 3, 5), (3, 3, 9), (3, 3, 17), (3, 3, 21), (3, 4, 2), (3, 4, 7), (3, 4, 12), (3, 4, 14), (3, 4, 19), (3, 4, 24)]
The domination number is: 60

The minimum dominating set of a 3 x 4 x 26 grid graph is: 
[(1, 1, 1), (1, 1, 6), (1, 1, 9), (1, 1, 12), (1, 1, 15), (1, 1, 19), (1, 1, 22), (1, 1, 25), (1, 2, 3), (1, 2, 6), (1, 2, 17), (1, 3, 10), (1, 3, 13), (1, 3, 21), (1, 3, 24), (1, 4, 2), (1, 4, 5), (1, 4, 8), (1, 4, 13), (1, 4, 16), (1, 4, 19), (1, 4, 21), (1, 4, 26), (2, 1, 4), (2, 1, 18), (2, 2, 8), (2, 2, 11), (2, 2, 14), (2, 2, 20), (2, 2, 23), (2, 2, 26), (2, 3, 1), (2, 3, 4), (2, 3, 7), (2, 3, 15), (2, 3, 18), (2, 4, 11), (2, 4, 23), (3, 1, 2), (3, 1, 7), (3, 1, 10), (3, 1, 13), (3, 1, 16), (3, 1, 21), (3, 1, 24), (3, 1, 26), (3, 2, 2), (3, 2, 5), (3, 2, 16), (3, 2, 19), (3, 3, 9), (3, 3, 12), (3, 3, 22), (3, 3, 25), (3, 4, 1), (3, 4, 3), (3, 4, 6), (3, 4, 9), (3, 4, 14), (3, 4, 17), (3, 4, 20), (3, 4, 25)]
The domination number is: 62

The minimum dominating set of a 3 x 4 x 27 grid graph is: 
[(1, 1, 2), (1, 1, 5), (1, 1, 8), (1, 1, 13), (1, 1, 16), (1, 1, 19), (1, 1, 22), (1, 1, 27), (1, 2, 8), (1, 2, 11), (1, 2, 22), (1, 2, 25), (1, 3, 2), (1, 3, 4), (1, 3, 15), (1, 3, 18), (1, 4, 6), (1, 4, 9), (1, 4, 12), (1, 4, 15), (1, 4, 20), (1, 4, 23), (1, 4, 26), (2, 1, 10), (2, 1, 24), (2, 2, 1), (2, 2, 3), (2, 2, 6), (2, 2, 14), (2, 2, 17), (2, 2, 20), (2, 3, 7), (2, 3, 10), (2, 3, 13), (2, 3, 21), (2, 3, 24), (2, 3, 27), (2, 4, 1), (2, 4, 3), (2, 4, 17), (3, 1, 2), (3, 1, 4), (3, 1, 7), (3, 1, 12), (3, 1, 15), (3, 1, 18), (3, 1, 21), (3, 1, 26), (3, 2, 9), (3, 2, 12), (3, 2, 23), (3, 2, 26), (3, 3, 2), (3, 3, 5), (3, 3, 16), (3, 3, 19), (3, 4, 5), (3, 4, 8), (3, 4, 11), (3, 4, 14), (3, 4, 19), (3, 4, 22), (3, 4, 25), (3, 4, 26)]
The domination number is: 64

