The minimum dominating set of a 5 x 5 x 2 grid graph is: 
[(1, 2, 2), (1, 4, 1), (2, 1, 1), (2, 5, 2), (3, 3, 1), (3, 3, 2), (4, 1, 2), (4, 5, 1), (5, 2, 1), (5, 4, 2)]
The domination number is: 10

The minimum dominating set of a 5 x 5 x 3 grid graph is: 
[(1, 2, 1), (1, 2, 3), (1, 4, 2), (2, 1, 2), (2, 5, 1), (2, 5, 3), (3, 3, 1), (3, 3, 2), (3, 3, 3), (4, 1, 1), (4, 1, 3), (4, 5, 2), (5, 2, 2), (5, 4, 1), (5, 4, 3)]
The domination number is: 15

The minimum dominating set of a 5 x 5 x 4 grid graph is: 
[(1, 2, 2), (1, 2, 4), (1, 4, 1), (1, 4, 3), (2, 1, 1), (2, 1, 3), (2, 5, 2), (2, 5, 4), (3, 3, 1), (3, 3, 2), (3, 3, 3), (3, 3, 4), (4, 1, 2), (4, 1, 4), (4, 5, 1), (4, 5, 3), (5, 2, 1), (5, 2, 3), (5, 4, 2), (5, 4, 4)]
The domination number is: 20

The minimum dominating set of a 5 x 5 x 5 grid graph is: 
[(1, 1, 4), (1, 2, 1), (1, 3, 3), (1, 4, 5), (1, 5, 2), (2, 1, 2), (2, 2, 5), (2, 3, 3), (2, 4, 1), (2, 5, 4), (3, 1, 2), (3, 2, 5), (3, 3, 3), (3, 4, 1), (3, 5, 4), (4, 1, 4), (4, 2, 1), (4, 3, 3), (4, 4, 5), (4, 5, 2), (5, 1, 2), (5, 2, 5), (5, 3, 3), (5, 4, 1), (5, 5, 4)]
The domination number is: 25

The minimum dominating set of a 5 x 5 x 6 grid graph is: 
[(1, 1, 1), (1, 1, 6), (1, 2, 1), (1, 2, 4), (1, 3, 3), (1, 4, 6), (1, 5, 1), (1, 5, 4), (2, 1, 3), (2, 3, 5), (2, 4, 2), (2, 5, 5), (3, 1, 5), (3, 2, 2), (3, 2, 6), (3, 3, 1), (3, 4, 4), (3, 5, 3), (4, 1, 1), (4, 2, 4), (4, 3, 3), (4, 4, 6), (4, 5, 1), (4, 5, 6), (5, 1, 3), (5, 1, 6), (5, 2, 1), (5, 3, 5), (5, 4, 2), (5, 5, 4)]
The domination number is: 30

The minimum dominating set of a 5 x 5 x 7 grid graph is: 
[(1, 1, 2), (1, 1, 7), (1, 2, 2), (1, 2, 5), (1, 4, 3), (1, 4, 6), (1, 5, 1), (1, 5, 6), (2, 1, 4), (2, 3, 1), (2, 3, 4), (2, 3, 7), (2, 5, 4), (3, 1, 1), (3, 1, 6), (3, 2, 3), (3, 2, 6), (3, 4, 2), (3, 4, 5), (3, 5, 2), (3, 5, 7), (4, 1, 4), (4, 3, 1), (4, 3, 4), (4, 3, 7), (4, 5, 4), (5, 1, 2), (5, 1, 7), (5, 2, 2), (5, 2, 5), (5, 4, 3), (5, 4, 6), (5, 5, 1), (5, 5, 6)]
The domination number is: 34

The minimum dominating set of a 5 x 5 x 8 grid graph is: 
[(1, 1, 4), (1, 1, 7), (1, 2, 2), (1, 3, 2), (1, 3, 5), (1, 4, 2), (1, 4, 7), (1, 4, 8), (1, 5, 4), (2, 1, 1), (2, 2, 3), (2, 2, 6), (2, 2, 8), (2, 4, 4), (2, 5, 1), (2, 5, 6), (3, 1, 5), (3, 1, 7), (3, 2, 3), (3, 3, 1), (3, 3, 7), (3, 4, 5), (3, 5, 3), (3, 5, 8), (4, 1, 2), (4, 2, 6), (4, 2, 8), (4, 3, 4), (4, 4, 2), (4, 5, 6), (5, 1, 4), (5, 1, 7), (5, 2, 1), (5, 3, 3), (5, 3, 5), (5, 4, 7), (5, 4, 8), (5, 5, 1), (5, 5, 4)]
The domination number is: 39

The minimum dominating set of a 5 x 5 x 9 grid graph is: 
[(1, 1, 1), (1, 1, 4), (1, 1, 9), (1, 2, 6), (1, 3, 3), (1, 3, 8), (1, 4, 1), (1, 4, 6), (1, 5, 4), (1, 5, 9), (2, 1, 7), (2, 2, 2), (2, 3, 5), (2, 3, 9), (2, 4, 4), (2, 5, 2), (2, 5, 7), (3, 1, 3), (3, 1, 5), (3, 2, 4), (3, 2, 8), (3, 3, 1), (3, 3, 7), (3, 4, 8), (3, 5, 2), (3, 5, 5), (4, 1, 1), (4, 1, 9), (4, 2, 6), (4, 3, 3), (4, 4, 3), (4, 4, 6), (4, 5, 2), (4, 5, 9), (5, 1, 4), (5, 1, 7), (5, 2, 2), (5, 3, 5), (5, 3, 8), (5, 3, 9), (5, 4, 1), (5, 5, 4), (5, 5, 7)]
The domination number is: 43

The minimum dominating set of a 5 x 5 x 10 grid graph is: 
[(1, 1, 4), (1, 1, 7), (1, 1, 10), (1, 2, 2), (1, 3, 2), (1, 3, 5), (1, 3, 8), (1, 4, 10), (1, 5, 1), (1, 5, 4), (1, 5, 7), (2, 1, 1), (2, 1, 4), (2, 2, 6), (2, 2, 9), (2, 4, 3), (2, 4, 6), (2, 5, 1), (2, 5, 9), (3, 1, 6), (3, 1, 8), (3, 2, 3), (3, 3, 1), (3, 3, 4), (3, 3, 7), (3, 3, 10), (3, 4, 8), (3, 5, 3), (3, 5, 5), (4, 1, 2), (4, 1, 10), (4, 2, 5), (4, 2, 8), (4, 4, 2), (4, 4, 5), (4, 5, 7), (4, 5, 10), (5, 1, 4), (5, 1, 7), (5, 2, 1), (5, 2, 9), (5, 3, 3), (5, 3, 6), (5, 3, 9), (5, 4, 9), (5, 5, 1), (5, 5, 4), (5, 5, 7)]
The domination number is: 48

The minimum dominating set of a 5 x 5 x 11 grid graph is: 
[(1, 1, 2), (1, 1, 5), (1, 1, 8), (1, 1, 11), (1, 3, 1), (1, 3, 4), (1, 3, 7), (1, 3, 10), (1, 5, 2), (1, 5, 5), (1, 5, 8), (1, 5, 11), (2, 2, 3), (2, 2, 6), (2, 2, 9), (2, 3, 11), (2, 4, 3), (2, 4, 6), (2, 4, 9), (3, 1, 1), (3, 1, 4), (3, 1, 7), (3, 1, 10), (3, 2, 1), (3, 3, 2), (3, 3, 5), (3, 3, 8), (3, 3, 11), (3, 4, 1), (3, 5, 1), (3, 5, 4), (3, 5, 7), (3, 5, 10), (4, 2, 3), (4, 2, 6), (4, 2, 9), (4, 3, 11), (4, 4, 3), (4, 4, 6), (4, 4, 9), (5, 1, 2), (5, 1, 5), (5, 1, 8), (5, 1, 11), (5, 3, 1), (5, 3, 4), (5, 3, 7), (5, 3, 10), (5, 5, 2), (5, 5, 5), (5, 5, 8), (5, 5, 11)]
The domination number is: 52

The minimum dominating set of a 5 x 5 x 12 grid graph is: 
[(1, 1, 1), (1, 1, 6), (1, 1, 9), (1, 1, 12), (1, 2, 3), (1, 3, 5), (1, 3, 8), (1, 3, 11), (1, 4, 1), (1, 4, 11), (1, 5, 3), (1, 5, 6), (1, 5, 9), (2, 1, 4), (2, 2, 7), (2, 2, 10), (2, 2, 12), (2, 3, 2), (2, 4, 4), (2, 4, 7), (2, 4, 10), (2, 5, 2), (2, 5, 12), (3, 1, 2), (3, 1, 8), (3, 1, 11), (3, 2, 1), (3, 2, 5), (3, 3, 6), (3, 3, 9), (3, 4, 3), (3, 4, 11), (3, 5, 5), (3, 5, 8), (4, 1, 6), (4, 2, 3), (4, 2, 10), (4, 3, 4), (4, 3, 8), (4, 3, 12), (4, 4, 1), (4, 4, 6), (4, 5, 1), (4, 5, 10), (5, 1, 1), (5, 1, 4), (5, 1, 9), (5, 1, 12), (5, 2, 7), (5, 3, 2), (5, 3, 5), (5, 3, 11), (5, 4, 9), (5, 5, 3), (5, 5, 4), (5, 5, 7), (5, 5, 12)]
The domination number is: 57

The minimum dominating set of a 5 x 5 x 13 grid graph is: 
[(1, 1, 4), (1, 1, 7), (1, 1, 10), (1, 2, 1), (1, 2, 12), (1, 2, 13), (1, 3, 3), (1, 3, 6), (1, 3, 9), (1, 4, 12), (1, 5, 1), (1, 5, 4), (1, 5, 7), (1, 5, 10), (2, 1, 2), (2, 1, 10), (2, 1, 13), (2, 2, 5), (2, 2, 8), (2, 3, 11), (2, 4, 2), (2, 4, 5), (2, 4, 8), (2, 4, 9), (2, 5, 13), (3, 1, 6), (3, 1, 9), (3, 2, 3), (3, 2, 11), (3, 3, 1), (3, 3, 4), (3, 3, 7), (3, 3, 13), (3, 4, 9), (3, 5, 3), (3, 5, 6), (3, 5, 11), (4, 1, 1), (4, 1, 4), (4, 1, 12), (4, 2, 8), (4, 3, 2), (4, 3, 6), (4, 3, 10), (4, 4, 4), (4, 4, 12), (4, 5, 1), (4, 5, 8), (5, 1, 2), (5, 1, 7), (5, 1, 10), (5, 2, 5), (5, 2, 13), (5, 3, 1), (5, 3, 3), (5, 3, 9), (5, 3, 11), (5, 4, 7), (5, 5, 2), (5, 5, 5), (5, 5, 10), (5, 5, 13)]
The domination number is: 62

The minimum dominating set of a 5 x 5 x 14 grid graph is: 
[(1, 1, 2), (1, 1, 5), (1, 1, 8), (1, 1, 11), (1, 1, 14), (1, 3, 1), (1, 3, 4), (1, 3, 7), (1, 3, 10), (1, 3, 13), (1, 5, 2), (1, 5, 5), (1, 5, 8), (1, 5, 11), (1, 5, 14), (2, 2, 3), (2, 2, 6), (2, 2, 9), (2, 2, 12), (2, 4, 3), (2, 4, 6), (2, 4, 9), (2, 4, 12), (3, 1, 1), (3, 1, 4), (3, 1, 7), (3, 1, 10), (3, 1, 13), (3, 2, 1), (3, 2, 14), (3, 3, 2), (3, 3, 5), (3, 3, 8), (3, 3, 11), (3, 3, 14), (3, 4, 1), (3, 4, 14), (3, 5, 1), (3, 5, 4), (3, 5, 7), (3, 5, 10), (3, 5, 13), (4, 2, 3), (4, 2, 6), (4, 2, 9), (4, 2, 12), (4, 4, 3), (4, 4, 6), (4, 4, 9), (4, 4, 12), (5, 1, 2), (5, 1, 5), (5, 1, 8), (5, 1, 11), (5, 1, 14), (5, 3, 1), (5, 3, 4), (5, 3, 7), (5, 3, 10), (5, 3, 13), (5, 5, 2), (5, 5, 5), (5, 5, 8), (5, 5, 11), (5, 5, 14)]
The domination number is: 65

The minimum dominating set of a 5 x 5 x 15 grid graph is: 
[(1, 1, 1), (1, 1, 4), (1, 1, 9), (1, 1, 12), (1, 1, 15), (1, 2, 6), (1, 3, 2), (1, 3, 8), (1, 3, 11), (1, 3, 14), (1, 4, 4), (1, 4, 14), (1, 5, 1), (1, 5, 6), (1, 5, 9), (1, 5, 12), (2, 1, 7), (2, 2, 3), (2, 2, 10), (2, 2, 13), (2, 2, 15), (2, 3, 1), (2, 3, 5), (2, 4, 7), (2, 4, 10), (2, 4, 13), (2, 5, 3), (2, 5, 15), (3, 1, 2), (3, 1, 5), (3, 1, 11), (3, 1, 14), (3, 2, 8), (3, 3, 4), (3, 3, 7), (3, 3, 9), (3, 3, 12), (3, 4, 2), (3, 4, 14), (3, 5, 5), (3, 5, 8), (3, 5, 11), (4, 1, 9), (4, 2, 1), (4, 2, 3), (4, 2, 6), (4, 2, 13), (4, 3, 11), (4, 3, 15), (4, 4, 3), (4, 4, 6), (4, 4, 9), (4, 5, 1), (4, 5, 13), (5, 1, 1), (5, 1, 4), (5, 1, 7), (5, 1, 12), (5, 1, 15), (5, 2, 10), (5, 3, 2), (5, 3, 5), (5, 3, 8), (5, 3, 14), (5, 4, 12), (5, 5, 1), (5, 5, 4), (5, 5, 7), (5, 5, 10), (5, 5, 15)]
The domination number is: 70

