The minimum dominating set of a 2 x 4 x 2 grid graph is: 
[(1, 2, 1), (1, 4, 2), (2, 1, 2), (2, 3, 1)]
The domination number is: 4

The minimum dominating set of a 2 x 4 x 3 grid graph is: 
[(1, 1, 2), (1, 2, 2), (1, 4, 2), (2, 1, 2), (2, 3, 1), (2, 3, 3)]
The domination number is: 6

The minimum dominating set of a 2 x 4 x 4 grid graph is: 
[(1, 1, 3), (1, 2, 2), (1, 4, 1), (1, 4, 4), (2, 1, 1), (2, 2, 4), (2, 3, 3), (2, 4, 1)]
The domination number is: 8

The minimum dominating set of a 2 x 4 x 5 grid graph is: 
[(1, 1, 1), (1, 2, 4), (1, 3, 4), (1, 4, 2), (2, 1, 3), (2, 1, 5), (2, 2, 2), (2, 3, 1), (2, 3, 3), (2, 4, 5)]
The domination number is: 10

The minimum dominating set of a 2 x 4 x 6 grid graph is: 
[(1, 1, 4), (1, 2, 1), (1, 2, 4), (1, 3, 6), (1, 4, 3), (2, 1, 2), (2, 1, 6), (2, 2, 4), (2, 3, 2), (2, 4, 1), (2, 4, 5)]
The domination number is: 11

The minimum dominating set of a 2 x 4 x 7 grid graph is: 
[(1, 1, 5), (1, 2, 2), (1, 2, 5), (1, 3, 7), (1, 4, 1), (1, 4, 4), (2, 1, 1), (2, 1, 3), (2, 1, 7), (2, 2, 5), (2, 3, 3), (2, 4, 1), (2, 4, 6)]
The domination number is: 13

The minimum dominating set of a 2 x 4 x 8 grid graph is: 
[(1, 1, 1), (1, 1, 3), (1, 1, 8), (1, 2, 6), (1, 3, 1), (1, 3, 4), (1, 3, 8), (1, 4, 4), (1, 4, 8), (2, 1, 5), (2, 2, 2), (2, 2, 7), (2, 3, 4), (2, 4, 2), (2, 4, 6)]
The domination number is: 15

The minimum dominating set of a 2 x 4 x 9 grid graph is: 
[(1, 1, 4), (1, 1, 8), (1, 2, 1), (1, 2, 6), (1, 3, 1), (1, 3, 3), (1, 4, 5), (1, 4, 8), (2, 1, 2), (2, 1, 6), (2, 2, 4), (2, 2, 9), (2, 3, 7), (2, 3, 9), (2, 4, 2), (2, 4, 5)]
The domination number is: 16

The minimum dominating set of a 2 x 4 x 10 grid graph is: 
[(1, 1, 2), (1, 1, 7), (1, 1, 10), (1, 2, 5), (1, 3, 3), (1, 3, 8), (1, 4, 1), (1, 4, 5), (1, 4, 10), (2, 1, 4), (2, 1, 7), (2, 2, 1), (2, 2, 9), (2, 3, 3), (2, 3, 6), (2, 4, 3), (2, 4, 7), (2, 4, 10)]
The domination number is: 18

The minimum dominating set of a 2 x 4 x 11 grid graph is: 
[(1, 1, 2), (1, 1, 7), (1, 1, 10), (1, 2, 3), (1, 2, 5), (1, 3, 8), (1, 3, 11), (1, 4, 1), (1, 4, 4), (1, 4, 8), (2, 1, 4), (2, 1, 7), (2, 2, 1), (2, 2, 9), (2, 2, 11), (2, 3, 2), (2, 3, 6), (2, 4, 4), (2, 4, 6), (2, 4, 10)]
The domination number is: 20

The minimum dominating set of a 2 x 4 x 12 grid graph is: 
[(1, 1, 2), (1, 1, 7), (1, 1, 11), (1, 1, 12), (1, 2, 3), (1, 2, 5), (1, 3, 9), (1, 4, 1), (1, 4, 4), (1, 4, 7), (1, 4, 11), (2, 1, 4), (2, 1, 7), (2, 1, 9), (2, 2, 1), (2, 2, 8), (2, 2, 10), (2, 3, 2), (2, 3, 6), (2, 3, 12), (2, 4, 4), (2, 4, 9)]
The domination number is: 22

The minimum dominating set of a 2 x 4 x 13 grid graph is: 
[(1, 1, 1), (1, 1, 7), (1, 1, 10), (1, 2, 3), (1, 2, 5), (1, 2, 13), (1, 3, 8), (1, 3, 11), (1, 4, 1), (1, 4, 4), (1, 4, 7), (1, 4, 11), (2, 1, 4), (2, 1, 7), (2, 1, 12), (2, 2, 2), (2, 2, 9), (2, 3, 2), (2, 3, 6), (2, 3, 11), (2, 4, 4), (2, 4, 9), (2, 4, 13)]
The domination number is: 23

The minimum dominating set of a 2 x 4 x 14 grid graph is: 
[(1, 1, 1), (1, 1, 5), (1, 1, 8), (1, 1, 13), (1, 2, 3), (1, 2, 11), (1, 3, 5), (1, 3, 9), (1, 3, 13), (1, 4, 2), (1, 4, 7), (1, 4, 11), (2, 1, 3), (2, 1, 10), (2, 2, 3), (2, 2, 6), (2, 2, 7), (2, 2, 12), (2, 2, 14), (2, 3, 1), (2, 3, 9), (2, 4, 4), (2, 4, 7), (2, 4, 11), (2, 4, 14)]
The domination number is: 25

The minimum dominating set of a 2 x 4 x 15 grid graph is: 
[(1, 1, 2), (1, 1, 6), (1, 1, 11), (1, 1, 14), (1, 1, 15), (1, 2, 4), (1, 2, 9), (1, 3, 7), (1, 3, 12), (1, 4, 1), (1, 4, 2), (1, 4, 5), (1, 4, 10), (1, 4, 14), (2, 1, 4), (2, 1, 8), (2, 1, 11), (2, 2, 1), (2, 2, 6), (2, 2, 13), (2, 3, 3), (2, 3, 10), (2, 3, 15), (2, 4, 5), (2, 4, 8), (2, 4, 12)]
The domination number is: 26

The minimum dominating set of a 2 x 4 x 16 grid graph is: 
[(1, 1, 2), (1, 1, 7), (1, 1, 10), (1, 1, 13), (1, 1, 16), (1, 2, 5), (1, 3, 3), (1, 3, 8), (1, 3, 12), (1, 3, 14), (1, 3, 16), (1, 4, 1), (1, 4, 5), (1, 4, 10), (2, 1, 4), (2, 1, 7), (2, 1, 13), (2, 2, 1), (2, 2, 9), (2, 2, 11), (2, 2, 15), (2, 3, 3), (2, 3, 6), (2, 4, 3), (2, 4, 7), (2, 4, 10), (2, 4, 13), (2, 4, 15)]
The domination number is: 28

The minimum dominating set of a 2 x 4 x 17 grid graph is: 
[(1, 1, 1), (1, 1, 4), (1, 1, 7), (1, 1, 10), (1, 1, 13), (1, 2, 16), (1, 3, 1), (1, 3, 3), (1, 3, 5), (1, 3, 9), (1, 3, 11), (1, 3, 14), (1, 3, 17), (1, 4, 7), (1, 4, 14), (2, 1, 4), (2, 1, 10), (2, 1, 15), (2, 1, 17), (2, 2, 2), (2, 2, 6), (2, 2, 8), (2, 2, 12), (2, 3, 14), (2, 4, 2), (2, 4, 4), (2, 4, 7), (2, 4, 10), (2, 4, 12), (2, 4, 16)]
The domination number is: 30

The minimum dominating set of a 2 x 4 x 18 grid graph is: 
[(1, 1, 2), (1, 1, 8), (1, 1, 13), (1, 1, 17), (1, 2, 4), (1, 2, 6), (1, 2, 10), (1, 2, 15), (1, 3, 12), (1, 4, 2), (1, 4, 5), (1, 4, 8), (1, 4, 9), (1, 4, 14), (1, 4, 17), (2, 1, 5), (2, 1, 8), (2, 1, 11), (2, 1, 15), (2, 2, 1), (2, 2, 3), (2, 2, 13), (2, 2, 18), (2, 3, 1), (2, 3, 3), (2, 3, 7), (2, 3, 9), (2, 3, 16), (2, 3, 18), (2, 4, 5), (2, 4, 11), (2, 4, 14)]
The domination number is: 32

The minimum dominating set of a 2 x 4 x 19 grid graph is: 
[(1, 1, 2), (1, 1, 7), (1, 1, 10), (1, 1, 13), (1, 1, 16), (1, 2, 5), (1, 2, 19), (1, 3, 3), (1, 3, 8), (1, 3, 12), (1, 3, 14), (1, 3, 18), (1, 4, 1), (1, 4, 5), (1, 4, 10), (1, 4, 16), (2, 1, 4), (2, 1, 7), (2, 1, 13), (2, 1, 18), (2, 2, 1), (2, 2, 9), (2, 2, 11), (2, 2, 15), (2, 2, 17), (2, 3, 3), (2, 3, 6), (2, 4, 3), (2, 4, 7), (2, 4, 10), (2, 4, 13), (2, 4, 16), (2, 4, 19)]
The domination number is: 33

The minimum dominating set of a 2 x 4 x 20 grid graph is: 
[(1, 1, 1), (1, 1, 3), (1, 1, 8), (1, 1, 14), (1, 1, 17), (1, 2, 6), (1, 2, 10), (1, 2, 12), (1, 2, 20), (1, 3, 1), (1, 3, 4), (1, 3, 15), (1, 3, 18), (1, 4, 4), (1, 4, 8), (1, 4, 11), (1, 4, 14), (1, 4, 18), (2, 1, 5), (2, 1, 8), (2, 1, 11), (2, 1, 14), (2, 1, 19), (2, 2, 2), (2, 2, 16), (2, 3, 4), (2, 3, 7), (2, 3, 9), (2, 3, 13), (2, 3, 18), (2, 4, 2), (2, 4, 6), (2, 4, 11), (2, 4, 16), (2, 4, 20)]
The domination number is: 35

The minimum dominating set of a 2 x 4 x 21 grid graph is: 
[(1, 1, 2), (1, 1, 6), (1, 1, 11), (1, 1, 14), (1, 1, 18), (1, 2, 4), (1, 2, 9), (1, 2, 16), (1, 2, 21), (1, 3, 7), (1, 3, 12), (1, 3, 19), (1, 3, 21), (1, 4, 1), (1, 4, 2), (1, 4, 5), (1, 4, 10), (1, 4, 14), (1, 4, 17), (2, 1, 4), (2, 1, 8), (2, 1, 11), (2, 1, 16), (2, 1, 20), (2, 2, 1), (2, 2, 6), (2, 2, 13), (2, 2, 18), (2, 3, 3), (2, 3, 10), (2, 3, 15), (2, 4, 5), (2, 4, 8), (2, 4, 12), (2, 4, 17), (2, 4, 20)]
The domination number is: 36

The minimum dominating set of a 2 x 4 x 22 grid graph is: 
[(1, 1, 3), (1, 1, 7), (1, 1, 10), (1, 1, 13), (1, 1, 16), (1, 1, 19), (1, 1, 22), (1, 2, 3), (1, 2, 6), (1, 3, 1), (1, 3, 9), (1, 3, 11), (1, 3, 15), (1, 3, 17), (1, 3, 21), (1, 4, 4), (1, 4, 7), (1, 4, 13), (1, 4, 19), (2, 1, 1), (2, 1, 5), (2, 1, 10), (2, 1, 16), (2, 1, 22), (2, 2, 3), (2, 2, 8), (2, 2, 12), (2, 2, 14), (2, 2, 18), (2, 2, 20), (2, 3, 5), (2, 4, 2), (2, 4, 7), (2, 4, 10), (2, 4, 13), (2, 4, 16), (2, 4, 19), (2, 4, 22)]
The domination number is: 38

The minimum dominating set of a 2 x 4 x 23 grid graph is: 
[(1, 1, 2), (1, 1, 6), (1, 1, 9), (1, 1, 14), (1, 1, 19), (1, 1, 22), (1, 2, 11), (1, 2, 14), (1, 2, 17), (1, 3, 1), (1, 3, 3), (1, 3, 5), (1, 3, 8), (1, 3, 20), (1, 3, 23), (1, 4, 4), (1, 4, 8), (1, 4, 12), (1, 4, 14), (1, 4, 16), (1, 4, 20), (2, 1, 4), (2, 1, 9), (2, 1, 12), (2, 1, 16), (2, 1, 19), (2, 1, 23), (2, 2, 1), (2, 2, 4), (2, 2, 7), (2, 2, 21), (2, 3, 10), (2, 3, 13), (2, 3, 15), (2, 3, 18), (2, 4, 2), (2, 4, 6), (2, 4, 10), (2, 4, 18), (2, 4, 22)]
The domination number is: 40

The minimum dominating set of a 2 x 4 x 24 grid graph is: 
[(1, 1, 1), (1, 1, 5), (1, 1, 12), (1, 1, 18), (1, 1, 23), (1, 2, 5), (1, 2, 8), (1, 2, 10), (1, 2, 14), (1, 2, 16), (1, 2, 20), (1, 2, 22), (1, 3, 3), (1, 4, 2), (1, 4, 6), (1, 4, 9), (1, 4, 12), (1, 4, 15), (1, 4, 18), (1, 4, 21), (1, 4, 24), (2, 1, 3), (2, 1, 7), (2, 1, 9), (2, 1, 12), (2, 1, 15), (2, 1, 18), (2, 1, 21), (2, 2, 2), (2, 2, 5), (2, 2, 24), (2, 3, 1), (2, 3, 7), (2, 3, 11), (2, 3, 13), (2, 3, 17), (2, 3, 19), (2, 3, 23), (2, 4, 4), (2, 4, 9), (2, 4, 15), (2, 4, 21)]
The domination number is: 42

The minimum dominating set of a 2 x 4 x 25 grid graph is: 
[(1, 1, 1), (1, 1, 4), (1, 1, 10), (1, 1, 16), (1, 1, 22), (1, 2, 6), (1, 2, 8), (1, 2, 12), (1, 2, 14), (1, 2, 18), (1, 2, 20), (1, 2, 24), (1, 3, 1), (1, 3, 3), (1, 4, 4), (1, 4, 7), (1, 4, 10), (1, 4, 13), (1, 4, 16), (1, 4, 19), (1, 4, 22), (1, 4, 25), (2, 1, 4), (2, 1, 7), (2, 1, 10), (2, 1, 13), (2, 1, 16), (2, 1, 19), (2, 1, 22), (2, 1, 25), (2, 2, 2), (2, 3, 5), (2, 3, 9), (2, 3, 11), (2, 3, 15), (2, 3, 17), (2, 3, 21), (2, 3, 23), (2, 4, 2), (2, 4, 7), (2, 4, 13), (2, 4, 19), (2, 4, 25)]
The domination number is: 43

The minimum dominating set of a 2 x 4 x 26 grid graph is: 
[(1, 1, 3), (1, 1, 10), (1, 1, 16), (1, 1, 21), (1, 1, 25), (1, 2, 3), (1, 2, 6), (1, 2, 8), (1, 2, 12), (1, 2, 14), (1, 2, 18), (1, 2, 20), (1, 2, 23), (1, 3, 1), (1, 3, 25), (1, 4, 4), (1, 4, 7), (1, 4, 10), (1, 4, 13), (1, 4, 16), (1, 4, 19), (1, 4, 22), (1, 4, 26), (2, 1, 1), (2, 1, 5), (2, 1, 7), (2, 1, 10), (2, 1, 13), (2, 1, 16), (2, 1, 19), (2, 1, 23), (2, 2, 3), (2, 2, 23), (2, 2, 26), (2, 3, 5), (2, 3, 9), (2, 3, 11), (2, 3, 15), (2, 3, 17), (2, 3, 21), (2, 4, 2), (2, 4, 7), (2, 4, 13), (2, 4, 19), (2, 4, 24)]
The domination number is: 45

